               -846.9152898926
         -0.000290489       0.000308183       0.000485359
          0.000308183      -0.000030342       0.000047570
          0.000485356       0.000047569      -0.000390173
          64
  1     5       2.036881348      -0.467793119      -1.826532554  B
  1     5      -0.032235606       0.144072953       0.235258877  B
  1     5       0.010295240       0.043729140      -0.066600686  B
  1     5       0.025367283       0.113725720       0.045824517  B
  1     5      -0.188157104       0.076909008      -0.031102460  B
  1     5      -0.148949044       0.131165357      -0.012528188  B
  1     5       0.078481148      -0.081290178      -0.059699955  B
  1     5      -0.102694931      -0.145435629      -0.076251161  B
  1     5      -1.938624458       0.424102808       1.996554390  B
  1     5      -0.110576397       0.043028601       0.125883138  B
  1     5      -0.003475940      -0.015306203       0.015193106  B
  1     5       0.084110637      -0.130917081      -0.062786524  B
  1     5       0.054193424      -0.034950847       0.053607800  B
  1     5       0.029593784      -0.120856156       0.058494030  B
  1     5       0.023373218      -0.019986083      -0.056190583  B
  1     5       0.156583010      -0.053727489       0.012151421  B
  1     5       0.064586056      -0.129223319      -0.105433193  B
  1     5      -0.055024954      -0.034998147       0.009926762  B
  1     5      -0.065032842       0.071556741      -0.004321086  B
  1     5       0.012989495      -0.040933975       0.047056151  B
  1     5       0.046913388      -0.050897666      -0.066187685  B
  1     5      -0.082102768       0.057134495      -0.078761160  B
  1     5      -0.080956215      -0.006081283       0.036126622  B
  1     5      -0.185188761      -0.191338302      -0.007458096  B
  1     5       0.048079991       0.118253338       0.005057514  B
  1     5      -0.002570339       0.021210461      -0.046350557  B
  1     5      -0.123813056       0.027510941       0.015644774  B
  1     5       0.032082897      -0.016018274      -0.008003895  B
  1     5      -0.033126668       0.042120351       0.037148017  B
  1     5       0.030207262       0.088682945      -0.039720861  B
  1     5       0.071476321      -0.050784105      -0.222796621  B
  1     5      -0.103084570      -0.084072675      -0.012378839  B
  2     7       0.013467579       0.006436478       0.062847663  N
  2     7       0.091197515       0.197995724       0.036448848  N
  2     7       0.109119618      -0.054283882       0.072263975  N
  2     7      -0.072394314       0.025671339       0.199894580  N
  2     7       0.025169340       0.020176591      -0.011261901  N
  2     7       0.025595129      -0.018564741       0.104522734  N
  2     7      -0.093816346      -0.012891541      -0.028403803  N
  2     7       0.013024319       0.060259819       0.016284774  N
  2     7       0.074218985      -0.096129318       0.130441481  N
  2     7       0.070194271      -0.020180662       0.000648524  N
  2     7      -0.114172054       0.162123047       0.022566989  N
  2     7      -0.024832024       0.097481641      -0.026478974  N
  2     7       0.093159252      -0.079563860       0.010341467  N
  2     7       0.058058736      -0.034984848      -0.135385886  N
  2     7       0.146592309       0.167256897       0.030712083  N
  2     7       0.022516376       0.129084128      -0.076687560  N
  2     7       0.004478761       0.044880125       0.010732973  N
  2     7       0.046640517      -0.034159971      -0.088473824  N
  2     7       0.043821929      -0.010404323      -0.110126817  N
  2     7       0.005396483      -0.084320320      -0.227650634  N
  2     7       0.123466833       0.130660144       0.059608373  N
  2     7      -0.039750757      -0.150262820       0.089909038  N
  2     7       0.002944001       0.028969819      -0.015900373  N
  2     7      -0.019033210      -0.037141648      -0.019163082  N
  2     7       0.084451851      -0.108014177       0.053220209  N
  2     7       0.007986729      -0.036637916       0.012611512  N
  2     7       0.006805250      -0.159783695      -0.277793795  N
  2     7       0.010990628       0.004249972       0.119710370  N
  2     7      -0.018505031      -0.053472622      -0.002711425  N
  2     7       0.036229850      -0.024413155      -0.162411400  N
  2     7      -0.091880299       0.088104836       0.115883432  N
  2     7      -0.190673052       0.123352205       0.123267808  N
