# Rows | Columns (Hamiltonian neighbor indices)
59 229
59 228
59 231
59 230
58 229
58 228
58 231
58 230
56 229
56 228
56 231
56 230
57 229
57 228
57 231
57 230
229 59
229 58
229 56
229 57
228 59
228 58
228 56
228 57
231 59
231 58
231 56
231 57
230 59
230 58
230 56
230 57
253 85
253 87
253 84
253 86
255 85
255 87
255 84
255 86
252 85
252 87
252 84
252 86
254 85
254 87
254 84
254 86
85 253
85 255
85 252
85 254
87 253
87 255
87 252
87 254
84 253
84 255
84 252
84 254
86 253
86 255
86 252
86 254
179 103
179 102
179 101
179 100
177 103
177 102
177 101
177 100
176 103
176 102
176 101
176 100
178 103
178 102
178 101
178 100
103 179
103 177
103 176
103 178
102 179
102 177
102 176
102 178
101 179
101 177
101 176
101 178
100 179
100 177
100 176
100 178
