# Rows | Columns (Hamiltonian neighbor indices)
239 59
239 58
239 57
239 56
236 59
236 58
236 57
236 56
238 59
238 58
238 57
238 56
237 59
237 58
237 57
237 56
33 232
33 235
33 234
33 233
35 232
35 235
35 234
35 233
104 232
104 235
104 234
104 233
105 232
105 235
105 234
105 233
106 232
106 235
106 234
106 233
107 232
107 235
107 234
107 233
34 232
34 235
34 234
34 233
32 232
32 235
32 234
32 233
232 33
232 35
232 104
232 105
232 106
232 107
232 34
232 32
235 33
235 35
235 104
235 105
235 106
235 107
235 34
235 32
234 33
234 35
234 104
234 105
234 106
234 107
234 34
234 32
233 33
233 35
233 104
233 105
233 106
233 107
233 34
233 32
59 239
59 236
59 238
59 237
58 239
58 236
58 238
58 237
57 239
57 236
57 238
57 237
56 239
56 236
56 238
56 237
232 59
232 58
232 57
232 56
235 59
235 58
235 57
235 56
234 59
234 58
234 57
234 56
233 59
233 58
233 57
233 56
59 232
59 235
59 234
59 233
59 193
59 195
59 192
59 194
193 59
193 58
193 57
193 56
195 59
195 58
195 57
195 56
192 59
192 58
192 57
192 56
194 59
194 58
194 57
194 56
58 232
58 235
58 234
58 233
58 193
58 195
58 192
58 194
57 232
57 235
57 234
57 233
57 193
57 195
57 192
57 194
56 232
56 235
56 234
56 233
56 193
56 195
56 192
56 194
104 136
104 87
104 84
104 86
104 85
104 139
104 137
104 138
105 136
105 87
105 84
105 86
105 85
105 139
105 137
105 138
106 136
106 87
106 84
106 86
106 85
106 139
106 137
106 138
107 136
107 87
107 84
107 86
107 85
107 139
107 137
107 138
136 104
136 105
136 106
136 107
87 104
87 105
87 106
87 107
84 104
84 105
84 106
84 107
86 104
86 105
86 106
86 107
85 104
85 105
85 106
85 107
139 104
139 105
139 106
139 107
137 104
137 105
137 106
137 107
138 104
138 105
138 106
138 107
136 87
136 84
136 86
136 85
87 136
87 139
87 137
87 138
84 136
84 139
84 137
84 138
86 136
86 139
86 137
86 138
85 136
85 139
85 137
85 138
19 242
19 241
19 240
19 243
18 242
18 241
18 240
18 243
139 87
139 84
139 86
139 85
16 242
16 241
16 240
16 243
17 242
17 241
17 240
17 243
242 19
242 18
242 16
242 17
241 19
241 18
241 16
241 17
240 19
240 18
240 16
240 17
243 19
243 18
243 16
243 17
137 87
137 84
137 86
137 85
138 87
138 84
138 86
138 85
136 21
136 20
136 23
136 22
139 21
139 20
139 23
139 22
242 21
242 20
242 23
242 5
242 6
242 7
242 4
242 22
241 21
241 20
241 23
241 5
241 6
241 7
241 4
241 22
240 21
240 20
240 23
240 5
240 6
240 7
240 4
240 22
243 21
243 20
243 23
243 5
243 6
243 7
243 4
243 22
137 21
137 20
137 23
137 22
138 21
138 20
138 23
138 22
21 136
21 139
21 242
21 241
21 240
21 243
21 137
21 138
20 136
20 139
20 242
20 241
20 240
20 243
20 137
20 138
23 136
23 139
23 242
23 241
23 240
23 243
23 137
23 138
5 242
5 241
5 240
5 243
6 242
6 241
6 240
6 243
7 242
7 241
7 240
7 243
4 242
4 241
4 240
4 243
22 136
22 139
22 242
22 241
22 240
22 243
22 137
22 138
185 5
185 6
185 7
185 40
185 43
185 41
185 42
185 4
5 185
5 186
5 187
5 184
6 185
6 186
6 187
6 184
7 185
7 186
7 187
7 184
186 5
186 6
186 7
186 40
186 43
186 41
186 42
186 4
40 185
40 186
40 187
40 184
187 5
187 6
187 7
187 40
187 43
187 41
187 42
187 4
184 5
184 6
184 7
184 40
184 43
184 41
184 42
184 4
43 185
43 186
43 187
43 184
41 185
41 186
41 187
41 184
42 185
42 186
42 187
42 184
4 185
4 186
4 187
4 184
232 66
232 64
232 65
232 67
235 66
235 64
235 65
235 67
234 66
234 64
234 65
234 67
203 123
203 121
203 122
203 120
233 66
233 64
233 65
233 67
202 123
202 121
202 122
202 120
200 123
200 121
200 122
200 120
201 123
201 121
201 122
201 120
193 88
193 89
193 91
193 90
195 88
195 89
195 91
195 90
192 88
192 89
192 91
192 90
194 88
194 89
194 91
194 90
185 88
185 89
185 91
185 90
186 88
186 89
186 91
186 90
187 88
187 89
187 91
187 90
184 88
184 89
184 91
184 90
66 232
66 235
66 234
66 233
64 232
64 235
64 234
64 233
123 203
123 202
123 200
123 201
65 232
65 235
65 234
65 233
67 232
67 235
67 234
67 233
121 203
121 202
121 200
121 201
122 203
122 202
122 200
122 201
120 203
120 202
120 200
120 201
88 193
88 195
88 192
88 194
89 193
89 195
89 192
89 194
91 193
91 195
91 192
91 194
90 193
90 195
90 192
90 194
88 185
88 186
88 187
88 184
89 185
89 186
89 187
89 184
91 185
91 186
91 187
91 184
90 185
90 186
90 187
90 184
9 123
9 121
9 122
9 120
123 9
123 220
123 221
123 222
123 223
123 8
123 10
123 11
220 123
220 121
220 122
220 120
221 123
221 121
221 122
221 120
222 123
222 121
222 122
222 120
223 123
223 121
223 122
223 120
121 9
121 220
121 221
121 222
121 223
121 8
121 10
121 11
122 9
122 220
122 221
122 222
122 223
122 8
122 10
122 11
120 9
120 220
120 221
120 222
120 223
120 8
120 10
120 11
8 123
8 121
8 122
8 120
10 123
10 121
10 122
10 120
11 123
11 121
11 122
11 120
9 245
9 246
9 247
9 244
8 245
8 246
8 247
8 244
10 245
10 246
10 247
10 244
11 245
11 246
11 247
11 244
245 9
245 8
245 10
245 11
246 9
246 8
246 10
246 11
247 9
247 8
247 10
247 11
244 9
244 8
244 10
244 11
14 144
14 145
14 146
14 147
13 144
13 145
13 146
13 147
15 144
15 145
15 146
15 147
12 144
12 145
12 146
12 147
26 245
26 144
26 145
26 146
26 147
26 246
26 247
26 244
27 245
27 144
27 145
27 146
27 147
27 246
27 247
27 244
245 26
245 27
245 24
245 25
24 245
24 144
24 145
24 146
24 147
24 246
24 247
24 244
25 245
25 144
25 145
25 146
25 147
25 246
25 247
25 244
144 14
144 13
144 15
144 12
144 26
144 27
144 24
144 25
145 14
145 13
145 15
145 12
145 26
145 27
145 24
145 25
146 14
146 13
146 15
146 12
146 26
146 27
146 24
146 25
147 14
147 13
147 15
147 12
147 26
147 27
147 24
147 25
246 26
246 27
246 24
246 25
247 26
247 27
247 24
247 25
244 26
244 27
244 24
244 25
14 151
14 150
14 149
14 148
13 151
13 150
13 149
13 148
15 151
15 150
15 149
15 148
12 151
12 150
12 149
12 148
151 14
151 13
151 15
151 12
150 14
150 13
150 15
150 12
149 14
149 13
149 15
149 12
148 14
148 13
148 15
148 12
102 141
102 143
102 140
102 142
103 141
103 143
103 140
103 142
141 102
141 103
141 100
141 101
143 102
143 103
143 100
143 101
100 141
100 143
100 140
100 142
101 141
101 143
101 140
101 142
140 102
140 103
140 100
140 101
142 102
142 103
142 100
142 101
171 88
171 89
171 91
171 90
170 88
170 89
170 91
170 90
169 88
169 89
169 91
169 90
168 88
168 89
168 91
168 90
141 71
141 70
141 69
141 68
143 71
143 70
143 69
143 68
140 71
140 70
140 69
140 68
142 71
142 70
142 69
142 68
88 171
88 170
88 169
88 168
71 141
71 143
71 140
71 142
70 141
70 143
70 140
70 142
69 141
69 143
69 140
69 142
68 141
68 143
68 140
68 142
89 171
89 170
89 169
89 168
91 171
91 170
91 169
91 168
90 171
90 170
90 169
90 168
88 151
88 150
88 149
88 148
172 71
172 70
172 69
172 68
151 88
151 71
151 70
151 69
151 68
151 89
151 91
151 90
150 88
150 71
150 70
150 69
150 68
150 89
150 91
150 90
71 172
71 151
71 150
71 149
71 148
71 173
71 174
71 175
70 172
70 151
70 150
70 149
70 148
70 173
70 174
70 175
69 172
69 151
69 150
69 149
69 148
69 173
69 174
69 175
68 172
68 151
68 150
68 149
68 148
68 173
68 174
68 175
149 88
149 71
149 70
149 69
149 68
149 89
149 91
149 90
148 88
148 71
148 70
148 69
148 68
148 89
148 91
148 90
173 71
173 70
173 69
173 68
174 71
174 70
174 69
174 68
175 71
175 70
175 69
175 68
89 151
89 150
89 149
89 148
91 151
91 150
91 149
91 148
90 151
90 150
90 149
90 148
239 253
239 254
239 255
239 252
236 253
236 254
236 255
236 252
238 253
238 254
238 255
238 252
237 253
237 254
237 255
237 252
239 55
239 54
239 53
239 52
236 55
236 54
236 53
236 52
238 55
238 54
238 53
238 52
237 55
237 54
237 53
237 52
203 50
203 51
203 49
203 48
202 50
202 51
202 49
202 48
200 50
200 51
200 49
200 48
201 50
201 51
201 49
201 48
19 47
19 45
19 46
19 44
18 47
18 45
18 46
18 44
16 47
16 45
16 46
16 44
17 47
17 45
17 46
17 44
242 60
242 62
242 63
242 61
241 60
241 62
241 63
241 61
240 60
240 62
240 63
240 61
243 60
243 62
243 63
243 61
9 183
9 181
9 180
9 182
8 183
8 181
8 180
8 182
10 183
10 181
10 180
10 182
11 183
11 181
11 180
11 182
151 82
151 80
151 83
151 81
150 82
150 80
150 83
150 81
149 82
149 80
149 83
149 81
148 82
148 80
148 83
148 81
172 199
172 197
172 198
172 196
173 199
173 197
173 198
173 196
174 199
174 197
174 198
174 196
175 199
175 197
175 198
175 196
253 239
253 236
253 238
253 237
254 239
254 236
254 238
254 237
255 239
255 236
255 238
255 237
252 239
252 236
252 238
252 237
50 203
50 202
50 200
50 201
51 203
51 202
51 200
51 201
49 203
49 202
49 200
49 201
48 203
48 202
48 200
48 201
55 239
55 236
55 238
55 237
54 239
54 236
54 238
54 237
53 239
53 236
53 238
53 237
52 239
52 236
52 238
52 237
183 9
183 8
183 10
183 11
181 9
181 8
181 10
181 11
180 9
180 8
180 10
180 11
182 9
182 8
182 10
182 11
47 19
47 18
47 16
47 17
45 19
45 18
45 16
45 17
46 19
46 18
46 16
46 17
60 242
60 241
60 240
60 243
62 242
62 241
62 240
62 243
63 242
63 241
63 240
63 243
61 242
61 241
61 240
61 243
44 19
44 18
44 16
44 17
82 151
82 150
82 149
82 148
80 151
80 150
80 149
80 148
83 151
83 150
83 149
83 148
81 151
81 150
81 149
81 148
199 172
199 173
199 174
199 175
197 172
197 173
197 174
197 175
198 172
198 173
198 174
198 175
196 172
196 173
196 174
196 175
253 50
253 51
253 49
253 48
253 124
253 127
253 126
253 125
50 253
50 254
50 255
50 252
51 253
51 254
51 255
51 252
49 253
49 254
49 255
49 252
254 50
254 51
254 49
254 48
254 124
254 127
254 126
254 125
48 253
48 254
48 255
48 252
255 50
255 51
255 49
255 48
255 124
255 127
255 126
255 125
124 253
124 254
124 255
124 252
124 249
124 250
124 251
124 248
127 253
127 254
127 255
127 252
127 249
127 250
127 251
127 248
252 50
252 51
252 49
252 48
252 124
252 127
252 126
252 125
126 253
126 254
126 255
126 252
126 249
126 250
126 251
126 248
249 124
249 127
249 126
249 125
250 124
250 127
250 126
250 125
125 253
125 254
125 255
125 252
125 249
125 250
125 251
125 248
251 124
251 127
251 126
251 125
248 124
248 127
248 126
248 125
124 156
124 158
124 159
124 157
127 156
127 158
127 159
127 157
126 156
126 158
126 159
126 157
249 28
249 31
249 29
249 30
250 28
250 31
250 29
250 30
125 156
125 158
125 159
125 157
251 28
251 31
251 29
251 30
248 28
248 31
248 29
248 30
156 124
156 127
156 126
156 125
158 124
158 127
158 126
158 125
159 124
159 127
159 126
159 125
157 124
157 127
157 126
157 125
28 249
28 250
28 251
28 248
31 249
31 250
31 251
31 248
29 249
29 250
29 251
29 248
30 249
30 250
30 251
30 248
156 55
156 54
156 53
156 52
158 55
158 54
158 53
158 52
159 55
159 54
159 53
159 52
157 55
157 54
157 53
157 52
165 28
165 31
165 29
165 30
166 28
166 31
166 29
166 30
164 28
164 31
164 29
164 30
167 28
167 31
167 29
167 30
28 165
28 166
28 164
28 167
31 165
31 166
31 164
31 167
29 165
29 166
29 164
29 167
30 165
30 166
30 164
30 167
55 156
55 158
55 159
55 157
54 156
54 158
54 159
54 157
53 156
53 158
53 159
53 157
52 156
52 158
52 159
52 157
39 208
39 211
39 210
39 209
39 183
39 181
39 180
39 182
208 39
208 36
208 38
208 37
211 39
211 36
211 38
211 37
36 208
36 211
36 210
36 209
36 183
36 181
36 180
36 182
210 39
210 36
210 38
210 37
209 39
209 36
209 38
209 37
183 39
183 36
183 38
183 37
38 208
38 211
38 210
38 209
38 183
38 181
38 180
38 182
181 39
181 36
181 38
181 37
180 39
180 36
180 38
180 37
37 208
37 211
37 210
37 209
37 183
37 181
37 180
37 182
182 39
182 36
182 38
182 37
39 213
39 214
39 212
39 215
36 213
36 214
36 212
36 215
183 94
183 95
183 93
183 92
38 213
38 214
38 212
38 215
181 94
181 95
181 93
181 92
180 94
180 95
180 93
180 92
37 213
37 214
37 212
37 215
182 94
182 95
182 93
182 92
213 39
213 36
213 38
213 37
214 39
214 36
214 38
214 37
212 39
212 36
212 38
212 37
94 183
94 181
94 180
94 182
95 183
95 181
95 180
95 182
93 183
93 181
93 180
93 182
92 183
92 181
92 180
92 182
215 39
215 36
215 38
215 37
213 113
213 112
213 114
213 115
214 113
214 112
214 114
214 115
212 113
212 112
212 114
212 115
113 213
113 214
113 212
113 215
215 113
215 112
215 114
215 115
112 213
112 214
112 212
112 215
114 213
114 214
114 212
114 215
115 213
115 214
115 212
115 215
28 218
28 216
28 217
28 219
31 218
31 216
31 217
31 219
29 218
29 216
29 217
29 219
30 218
30 216
30 217
30 219
156 109
156 110
156 108
156 111
158 109
158 110
158 108
158 111
159 109
159 110
159 108
159 111
157 109
157 110
157 108
157 111
165 82
165 80
165 83
165 81
166 82
166 80
166 83
166 81
164 82
164 80
164 83
164 81
167 82
167 80
167 83
167 81
94 231
94 228
94 229
94 230
113 231
113 228
113 229
113 230
95 231
95 228
95 229
95 230
93 231
93 228
93 229
93 230
92 231
92 228
92 229
92 230
112 231
112 228
112 229
112 230
114 231
114 228
114 229
114 230
115 231
115 228
115 229
115 230
218 28
218 31
218 29
218 30
216 28
216 31
216 29
216 30
217 28
217 31
217 29
217 30
219 28
219 31
219 29
219 30
109 156
109 158
109 159
109 157
110 156
110 158
110 159
110 157
108 156
108 158
108 159
108 157
111 156
111 158
111 159
111 157
82 165
82 166
82 164
82 167
80 165
80 166
80 164
80 167
83 165
83 166
83 164
83 167
81 165
81 166
81 164
81 167
231 94
231 113
231 95
231 93
231 92
231 112
231 114
231 115
228 94
228 113
228 95
228 93
228 92
228 112
228 114
228 115
229 94
229 113
229 95
229 93
229 92
229 112
229 114
229 115
230 94
230 113
230 95
230 93
230 92
230 112
230 114
230 115
218 60
218 62
218 63
218 61
47 128
47 131
47 130
47 129
45 128
45 131
45 130
45 129
46 128
46 131
46 130
46 129
128 47
128 45
128 46
128 60
128 62
128 63
128 61
128 44
60 218
60 128
60 216
60 217
60 219
60 131
60 130
60 129
62 218
62 128
62 216
62 217
62 219
62 131
62 130
62 129
63 218
63 128
63 216
63 217
63 219
63 131
63 130
63 129
61 218
61 128
61 216
61 217
61 219
61 131
61 130
61 129
216 60
216 62
216 63
216 61
217 60
217 62
217 63
217 61
219 60
219 62
219 63
219 61
44 128
44 131
44 130
44 129
131 47
131 45
131 46
131 60
131 62
131 63
131 61
131 44
130 47
130 45
130 46
130 60
130 62
130 63
130 61
130 44
129 47
129 45
129 46
129 60
129 62
129 63
129 61
129 44
218 109
218 110
218 108
218 111
218 97
218 98
218 96
218 99
128 78
128 77
128 76
128 79
216 109
216 110
216 108
216 111
216 97
216 98
216 96
216 99
217 109
217 110
217 108
217 111
217 97
217 98
217 96
217 99
219 109
219 110
219 108
219 111
219 97
219 98
219 96
219 99
131 78
131 77
131 76
131 79
130 78
130 77
130 76
130 79
129 78
129 77
129 76
129 79
109 218
109 216
109 217
109 219
110 218
110 216
110 217
110 219
108 218
108 216
108 217
108 219
78 128
78 131
78 130
78 129
111 218
111 216
111 217
111 219
77 128
77 131
77 130
77 129
76 128
76 131
76 130
76 129
79 128
79 131
79 130
79 129
97 218
97 216
97 217
97 219
98 218
98 216
98 217
98 219
96 218
96 216
96 217
96 219
99 218
99 216
99 217
99 219
78 132
78 135
78 134
78 133
77 132
77 135
77 134
77 133
76 132
76 135
76 134
76 133
79 132
79 135
79 134
79 133
132 78
132 77
132 76
132 79
132 97
132 98
132 96
132 99
135 78
135 77
135 76
135 79
135 97
135 98
135 96
135 99
134 78
134 77
134 76
134 79
134 97
134 98
134 96
134 99
97 132
97 135
97 134
97 133
98 132
98 135
98 134
98 133
96 132
96 135
96 134
96 133
133 78
133 77
133 76
133 79
133 97
133 98
133 96
133 99
99 132
99 135
99 134
99 133
60 206
60 207
60 204
60 205
62 206
62 207
62 204
62 205
63 206
63 207
63 204
63 205
61 206
61 207
61 204
61 205
206 60
206 62
206 63
206 61
207 60
207 62
207 63
207 61
204 60
204 62
204 63
204 61
205 60
205 62
205 63
205 61
72 206
72 207
72 204
72 205
72 154
72 152
72 153
72 155
206 72
206 73
206 74
206 75
207 72
207 73
207 74
207 75
204 72
204 73
204 74
204 75
205 72
205 73
205 74
205 75
73 206
73 207
73 204
73 205
73 154
73 152
73 153
73 155
74 206
74 207
74 204
74 205
74 154
74 152
74 153
74 155
75 206
75 207
75 204
75 205
75 154
75 152
75 153
75 155
154 72
154 73
154 74
154 75
152 72
152 73
152 74
152 75
153 72
153 73
153 74
153 75
155 72
155 73
155 74
155 75
72 199
72 197
72 198
72 196
73 199
73 197
73 198
73 196
74 199
74 197
74 198
74 196
75 199
75 197
75 198
75 196
82 231
82 228
82 229
82 230
80 231
80 228
80 229
80 230
83 231
83 228
83 229
83 230
81 231
81 228
81 229
81 230
199 72
199 73
199 74
199 75
197 72
197 73
197 74
197 75
198 72
198 73
198 74
198 75
231 82
231 80
231 83
231 81
196 72
196 73
196 74
196 75
228 82
228 80
228 83
228 81
229 82
229 80
229 83
229 81
230 82
230 80
230 83
230 81
231 0
231 1
231 2
231 3
228 0
228 1
228 2
228 3
229 0
229 1
229 2
229 3
230 0
230 1
230 2
230 3
176 0
176 1
176 2
176 3
177 0
177 1
177 2
177 3
178 0
178 1
178 2
178 3
179 0
179 1
179 2
179 3
0 231
0 228
0 229
0 230
0 176
0 177
0 178
0 179
1 231
1 228
1 229
1 230
1 176
1 177
1 178
1 179
2 231
2 228
2 229
2 230
2 176
2 177
2 178
2 179
3 231
3 228
3 229
3 230
3 176
3 177
3 178
3 179
