# Rows | Columns (Hamiltonian neighbor indices)
211 82
211 81
211 80
211 83
82 211
82 209
82 210
82 208
81 211
81 209
81 210
81 208
80 211
80 209
80 210
80 208
83 211
83 209
83 210
83 208
209 82
209 81
209 80
209 83
210 82
210 81
210 80
210 83
208 82
208 81
208 80
208 83
211 75
211 74
211 72
211 73
209 75
209 74
209 72
209 73
210 75
210 74
210 72
210 73
208 75
208 74
208 72
208 73
75 211
75 209
75 210
75 208
74 211
74 209
74 210
74 208
72 211
72 209
72 210
72 208
73 211
73 209
73 210
73 208
145 4
145 5
145 6
145 7
4 145
4 144
4 146
4 147
144 4
144 5
144 6
144 7
146 4
146 5
146 6
146 7
5 145
5 144
5 146
5 147
6 145
6 144
6 146
6 147
7 145
7 144
7 146
7 147
147 4
147 5
147 6
147 7
4 217
4 216
4 219
4 218
5 217
5 216
5 219
5 218
6 217
6 216
6 219
6 218
7 217
7 216
7 219
7 218
217 4
217 5
217 6
217 7
216 4
216 5
216 6
216 7
219 4
219 5
219 6
219 7
218 4
218 5
218 6
218 7
143 56
143 59
143 58
143 57
140 56
140 59
140 58
140 57
141 56
141 59
141 58
141 57
56 143
56 140
56 141
56 217
56 142
56 216
56 219
56 218
59 143
59 140
59 141
59 217
59 142
59 216
59 219
59 218
58 143
58 140
58 141
58 217
58 142
58 216
58 219
58 218
57 143
57 140
57 141
57 217
57 142
57 216
57 219
57 218
217 56
217 59
217 58
217 57
142 56
142 59
142 58
142 57
216 56
216 59
216 58
216 57
219 56
219 59
219 58
219 57
218 56
218 59
218 58
218 57
217 77
217 78
217 79
217 76
216 77
216 78
216 79
216 76
219 77
219 78
219 79
219 76
218 77
218 78
218 79
218 76
77 217
77 216
77 219
77 218
78 217
78 216
78 219
78 218
79 217
79 216
79 219
79 218
76 217
76 216
76 219
76 218
21 234
21 235
21 233
21 232
23 234
23 235
23 233
23 232
22 234
22 235
22 233
22 232
20 234
20 235
20 233
20 232
234 21
234 23
234 22
234 20
235 21
235 23
235 22
235 20
233 21
233 23
233 22
233 20
232 21
232 23
232 22
232 20
126 157
126 156
126 159
126 158
127 157
127 156
127 159
127 158
125 157
125 156
125 159
125 158
124 157
124 156
124 159
124 158
157 126
157 127
157 125
157 124
156 126
156 127
156 125
156 124
159 126
159 127
159 125
159 124
158 126
158 127
158 125
158 124
234 39
234 36
234 37
234 38
235 39
235 36
235 37
235 38
233 39
233 36
233 37
233 38
232 39
232 36
232 37
232 38
39 234
39 235
39 233
39 232
36 234
36 235
36 233
36 232
37 234
37 235
37 233
37 232
38 234
38 235
38 233
38 232
39 177
39 178
39 179
39 176
177 39
177 36
177 37
177 38
178 39
178 36
178 37
178 38
179 39
179 36
179 37
179 38
176 39
176 36
176 37
176 38
36 177
36 178
36 179
36 176
37 177
37 178
37 179
37 176
38 177
38 178
38 179
38 176
157 47
157 45
157 46
157 44
156 47
156 45
156 46
156 44
159 47
159 45
159 46
159 44
158 47
158 45
158 46
158 44
155 66
155 65
155 67
155 64
152 66
152 65
152 67
152 64
154 66
154 65
154 67
154 64
153 66
153 65
153 67
153 64
47 157
47 156
47 159
47 158
45 157
45 156
45 159
45 158
46 157
46 156
46 159
46 158
44 157
44 156
44 159
44 158
66 155
66 152
66 154
66 153
65 155
65 152
65 154
65 153
67 155
67 152
67 154
67 153
64 155
64 152
64 154
64 153
122 199
122 196
122 197
122 198
199 122
199 121
199 120
199 123
196 122
196 121
196 120
196 123
197 122
197 121
197 120
197 123
198 122
198 121
198 120
198 123
121 199
121 196
121 197
121 198
120 199
120 196
120 197
120 198
123 199
123 196
123 197
123 198
53 173
53 172
53 174
53 175
173 53
173 55
173 54
173 52
172 53
172 55
172 54
172 52
174 53
174 55
174 54
174 52
175 53
175 55
175 54
175 52
55 173
55 172
55 174
55 175
54 173
54 172
54 174
54 175
52 173
52 172
52 174
52 175
107 166
107 167
107 165
107 164
105 166
105 167
105 165
105 164
166 107
166 105
166 106
166 104
167 107
167 105
167 106
167 104
106 166
106 167
106 165
106 164
104 166
104 167
104 165
104 164
165 107
165 105
165 106
165 104
164 107
164 105
164 106
164 104
32 255
32 252
32 253
32 254
35 255
35 252
35 253
35 254
34 255
34 252
34 253
34 254
33 255
33 252
33 253
33 254
255 32
255 35
255 34
255 33
252 32
252 35
252 34
252 33
253 32
253 35
253 34
253 33
254 32
254 35
254 34
254 33
255 88
255 89
255 90
255 91
252 88
252 89
252 90
252 91
253 88
253 89
253 90
253 91
254 88
254 89
254 90
254 91
88 255
88 252
88 253
88 254
89 255
89 252
89 253
89 254
90 255
90 252
90 253
90 254
91 255
91 252
91 253
91 254
66 129
66 130
66 128
66 131
65 129
65 130
65 128
65 131
67 129
67 130
67 128
67 131
64 129
64 130
64 128
64 131
11 129
11 130
11 128
11 131
8 129
8 130
8 128
8 131
129 66
129 65
129 67
129 64
129 11
129 8
129 10
129 9
130 66
130 65
130 67
130 64
130 11
130 8
130 10
130 9
128 66
128 65
128 67
128 64
128 11
128 8
128 10
128 9
131 66
131 65
131 67
131 64
131 11
131 8
131 10
131 9
10 129
10 130
10 128
10 131
9 129
9 130
9 128
9 131
11 137
11 139
11 136
11 138
8 137
8 139
8 136
8 138
10 137
10 139
10 136
10 138
9 137
9 139
9 136
9 138
137 11
137 8
137 10
137 9
139 11
139 8
139 10
139 9
136 11
136 8
136 10
136 9
138 11
138 8
138 10
138 9
