# Rows | Columns (Hamiltonian neighbor indices)
148 65
148 64
148 66
148 67
65 148
65 149
65 150
65 151
65 146
65 147
65 144
65 145
149 65
149 64
149 66
149 67
64 148
64 149
64 150
64 151
64 146
64 147
64 144
64 145
66 148
66 149
66 150
66 151
66 146
66 147
66 144
66 145
150 65
150 64
150 66
150 67
151 65
151 64
151 66
151 67
67 148
67 149
67 150
67 151
67 146
67 147
67 144
67 145
146 65
146 64
146 66
146 67
147 65
147 64
147 66
147 67
144 65
144 64
144 66
144 67
145 65
145 64
145 66
145 67
148 103
148 102
148 101
148 100
65 203
65 201
65 200
65 202
149 103
149 102
149 101
149 100
64 203
64 201
64 200
64 202
66 203
66 201
66 200
66 202
150 103
150 102
150 101
150 100
151 103
151 102
151 101
151 100
67 203
67 201
67 200
67 202
146 4
146 6
146 5
146 7
147 4
147 6
147 5
147 7
144 4
144 6
144 5
144 7
145 4
145 6
145 5
145 7
203 65
203 64
203 66
203 67
201 65
201 64
201 66
201 67
200 65
200 64
200 66
200 67
103 148
103 149
103 150
103 151
202 65
202 64
202 66
202 67
102 148
102 149
102 150
102 151
101 148
101 149
101 150
101 151
100 148
100 149
100 150
100 151
4 146
4 147
4 144
4 145
6 146
6 147
6 144
6 145
5 146
5 147
5 144
5 145
7 146
7 147
7 144
7 145
103 180
103 183
103 182
103 181
102 180
102 183
102 182
102 181
101 180
101 183
101 182
101 181
100 180
100 183
100 182
100 181
4 180
4 183
4 182
4 181
4 133
4 132
4 135
4 134
6 180
6 183
6 182
6 181
6 133
6 132
6 135
6 134
5 180
5 183
5 182
5 181
5 133
5 132
5 135
5 134
7 180
7 183
7 182
7 181
7 133
7 132
7 135
7 134
235 52
235 55
235 54
235 53
235 115
235 113
235 112
235 114
232 52
232 55
232 54
232 53
232 115
232 113
232 112
232 114
234 52
234 55
234 54
234 53
234 115
234 113
234 112
234 114
233 52
233 55
233 54
233 53
233 115
233 113
233 112
233 114
180 103
180 102
180 101
180 100
180 4
180 6
180 5
180 7
183 103
183 102
183 101
183 100
183 4
183 6
183 5
183 7
182 103
182 102
182 101
182 100
182 4
182 6
182 5
182 7
181 103
181 102
181 101
181 100
181 4
181 6
181 5
181 7
133 4
133 6
133 5
133 7
132 4
132 6
132 5
132 7
135 4
135 6
135 5
135 7
134 4
134 6
134 5
134 7
52 235
52 232
52 234
52 233
55 235
55 232
55 234
55 233
54 235
54 232
54 234
54 233
53 235
53 232
53 234
53 233
115 235
115 232
115 234
115 233
113 235
113 232
113 234
113 233
112 235
112 232
112 234
112 233
114 235
114 232
114 234
114 233
180 91
180 90
180 89
180 88
91 180
91 250
91 183
91 182
91 248
91 249
91 251
91 181
90 180
90 250
90 183
90 182
90 248
90 249
90 251
90 181
89 180
89 250
89 183
89 182
89 248
89 249
89 251
89 181
88 180
88 250
88 183
88 182
88 248
88 249
88 251
88 181
250 91
250 90
250 89
250 88
183 91
183 90
183 89
183 88
182 91
182 90
182 89
182 88
248 91
248 90
248 89
248 88
249 91
249 90
249 89
249 88
251 91
251 90
251 89
251 88
181 91
181 90
181 89
181 88
250 0
250 1
250 2
250 3
248 0
248 1
248 2
248 3
249 0
249 1
249 2
249 3
251 0
251 1
251 2
251 3
133 0
133 1
133 2
133 3
133 115
133 113
133 112
133 114
132 0
132 1
132 2
132 3
132 115
132 113
132 112
132 114
135 0
135 1
135 2
135 3
135 115
135 113
135 112
135 114
134 0
134 1
134 2
134 3
134 115
134 113
134 112
134 114
0 250
0 248
0 249
0 251
0 133
0 132
0 135
0 134
1 250
1 248
1 249
1 251
1 133
1 132
1 135
1 134
2 250
2 248
2 249
2 251
2 133
2 132
2 135
2 134
3 250
3 248
3 249
3 251
3 133
3 132
3 135
3 134
115 133
115 132
115 135
115 134
113 133
113 132
113 135
113 134
112 133
112 132
112 135
112 134
114 133
114 132
114 135
114 134
0 219
0 216
0 217
0 218
1 219
1 216
1 217
1 218
2 219
2 216
2 217
2 218
3 219
3 216
3 217
3 218
219 0
219 1
219 2
219 3
216 0
216 1
216 2
216 3
217 0
217 1
217 2
217 3
218 0
218 1
218 2
218 3
203 118
203 117
203 116
203 119
201 118
201 117
201 116
201 119
200 118
200 117
200 116
200 119
202 118
202 117
202 116
202 119
115 237
115 236
115 239
115 238
113 237
113 236
113 239
113 238
112 237
112 236
112 239
112 238
114 237
114 236
114 239
114 238
133 85
133 86
133 87
133 84
132 85
132 86
132 87
132 84
135 85
135 86
135 87
135 84
134 85
134 86
134 87
134 84
118 203
118 201
118 200
118 202
117 203
117 201
117 200
117 202
116 203
116 201
116 200
116 202
119 203
119 201
119 200
119 202
237 115
237 113
237 112
237 114
236 115
236 113
236 112
236 114
239 115
239 113
239 112
239 114
238 115
238 113
238 112
238 114
85 133
85 132
85 135
85 134
86 133
86 132
86 135
86 134
87 133
87 132
87 135
87 134
84 133
84 132
84 135
84 134
244 118
244 36
244 39
244 37
244 38
244 117
244 116
244 119
245 118
245 36
245 39
245 37
245 38
245 117
245 116
245 119
246 118
246 36
246 39
246 37
246 38
246 117
246 116
246 119
247 118
247 36
247 39
247 37
247 38
247 117
247 116
247 119
118 244
118 245
118 246
118 247
36 244
36 245
36 246
36 247
39 244
39 245
39 246
39 247
37 244
37 245
37 246
37 247
38 244
38 245
38 246
38 247
117 244
117 245
117 246
117 247
116 244
116 245
116 246
116 247
119 244
119 245
119 246
119 247
118 230
118 231
118 228
118 229
118 237
118 236
118 239
118 238
117 230
117 231
117 228
117 229
117 237
117 236
117 239
117 238
116 230
116 231
116 228
116 229
116 237
116 236
116 239
116 238
119 230
119 231
119 228
119 229
119 237
119 236
119 239
119 238
230 118
230 117
230 116
230 119
231 118
231 117
231 116
231 119
228 118
228 117
228 116
228 119
229 118
229 117
229 116
229 119
237 118
237 117
237 116
237 119
236 118
236 117
236 116
236 119
239 118
239 117
239 116
239 119
238 118
238 117
238 116
238 119
160 51
160 49
160 50
160 48
163 51
163 49
163 50
163 48
162 51
162 49
162 50
162 48
161 51
161 49
161 50
161 48
237 51
237 49
237 50
237 48
51 160
51 163
51 162
51 161
51 237
51 236
51 239
51 238
236 51
236 49
236 50
236 48
239 51
239 49
239 50
239 48
238 51
238 49
238 50
238 48
49 160
49 163
49 162
49 161
49 237
49 236
49 239
49 238
50 160
50 163
50 162
50 161
50 237
50 236
50 239
50 238
48 160
48 163
48 162
48 161
48 237
48 236
48 239
48 238
51 252
51 253
51 255
51 254
49 252
49 253
49 255
49 254
50 252
50 253
50 255
50 254
48 252
48 253
48 255
48 254
51 131
51 129
51 130
51 128
49 131
49 129
49 130
49 128
50 131
50 129
50 130
50 128
48 131
48 129
48 130
48 128
252 51
252 49
252 50
252 48
253 51
253 49
253 50
253 48
255 51
255 49
255 50
255 48
254 51
254 49
254 50
254 48
131 51
131 49
131 50
131 48
129 51
129 49
129 50
129 48
130 51
130 49
130 50
130 48
128 51
128 49
128 50
128 48
252 85
252 86
252 87
252 84
253 85
253 86
253 87
253 84
255 85
255 86
255 87
255 84
241 85
241 86
241 87
241 84
254 85
254 86
254 87
254 84
242 85
242 86
242 87
242 84
85 252
85 253
85 255
85 241
85 254
85 242
85 243
85 240
86 252
86 253
86 255
86 241
86 254
86 242
86 243
86 240
87 252
87 253
87 255
87 241
87 254
87 242
87 243
87 240
84 252
84 253
84 255
84 241
84 254
84 242
84 243
84 240
243 85
243 86
243 87
243 84
240 85
240 86
240 87
240 84
85 131
85 129
85 130
85 128
86 131
86 129
86 130
86 128
87 131
87 129
87 130
87 128
8 207
8 206
8 205
8 204
9 207
9 206
9 205
9 204
84 131
84 129
84 130
84 128
11 207
11 206
11 205
11 204
10 207
10 206
10 205
10 204
131 85
131 86
131 87
131 84
129 85
129 86
129 87
129 84
130 85
130 86
130 87
130 84
128 85
128 86
128 87
128 84
207 8
207 9
207 11
207 10
206 8
206 9
206 11
206 10
205 8
205 9
205 11
205 10
204 8
204 9
204 11
204 10
131 12
131 14
131 15
131 13
129 12
129 14
129 15
129 13
130 12
130 14
130 15
130 13
128 12
128 14
128 15
128 13
207 12
207 14
207 15
207 13
206 12
206 14
206 15
206 13
205 12
205 14
205 15
205 13
12 131
12 129
12 130
12 128
12 207
12 206
12 205
12 164
12 165
12 167
12 204
12 166
14 131
14 129
14 130
14 128
14 207
14 206
14 205
14 164
14 165
14 167
14 204
14 166
164 12
164 14
164 15
164 13
165 12
165 14
165 15
165 13
167 12
167 14
167 15
167 13
15 131
15 129
15 130
15 128
15 207
15 206
15 205
15 164
15 165
15 167
15 204
15 166
204 12
204 14
204 15
204 13
166 12
166 14
166 15
166 13
13 131
13 129
13 130
13 128
13 207
13 206
13 205
13 164
13 165
13 167
13 204
13 166
16 170
16 169
16 168
16 171
17 170
17 169
17 168
17 171
18 170
18 169
18 168
18 171
19 170
19 169
19 168
19 171
203 20
203 21
203 22
203 23
201 20
201 21
201 22
201 23
200 20
200 21
200 22
200 23
202 20
202 21
202 22
202 23
235 70
235 68
235 71
235 69
232 70
232 68
232 71
232 69
234 70
234 68
234 71
234 69
233 70
233 68
233 71
233 69
244 93
244 92
244 95
244 94
245 93
245 92
245 95
245 94
246 93
246 92
246 95
246 94
247 93
247 92
247 95
247 94
230 72
230 73
230 74
230 75
231 72
231 73
231 74
231 75
228 72
228 73
228 74
228 75
229 72
229 73
229 74
229 75
230 28
230 30
230 31
230 29
231 28
231 30
231 31
231 29
228 28
228 30
228 31
228 29
229 28
229 30
229 31
229 29
164 28
164 30
164 31
164 29
165 28
165 30
165 31
165 29
167 28
167 30
167 31
167 29
166 28
166 30
166 31
166 29
12 157
12 159
12 158
12 156
14 157
14 159
14 158
14 156
15 157
15 159
15 158
15 156
13 157
13 159
13 158
13 156
170 16
170 17
170 18
170 19
169 16
169 17
169 18
169 19
168 16
168 17
168 18
168 19
171 16
171 17
171 18
171 19
20 203
20 201
20 200
20 202
21 203
21 201
21 200
21 202
22 203
22 201
22 200
22 202
23 203
23 201
23 200
23 202
93 244
93 245
93 246
93 247
92 244
92 245
92 246
92 247
95 244
95 245
95 246
95 247
94 244
94 245
94 246
94 247
72 230
72 231
72 228
72 229
73 230
73 231
73 228
73 229
74 230
74 231
74 228
74 229
75 230
75 231
75 228
75 229
70 235
70 232
70 234
70 233
68 235
68 232
68 234
68 233
71 235
71 232
71 234
71 233
69 235
69 232
69 234
69 233
28 230
28 231
28 228
28 229
30 230
30 231
30 228
30 229
31 230
31 231
31 228
31 229
29 230
29 231
29 228
29 229
28 164
28 165
28 167
28 166
30 164
30 165
30 167
30 166
31 164
31 165
31 167
31 166
29 164
29 165
29 167
29 166
157 12
157 14
157 15
157 13
159 12
159 14
159 15
159 13
158 12
158 14
158 15
158 13
156 12
156 14
156 15
156 13
107 170
107 169
107 168
107 171
107 173
107 172
107 174
107 175
170 107
170 105
170 106
170 104
169 107
169 105
169 106
169 104
168 107
168 105
168 106
168 104
105 170
105 169
105 168
105 171
105 173
105 172
105 174
105 175
106 170
106 169
106 168
106 171
106 173
106 172
106 174
106 175
104 170
104 169
104 168
104 171
104 173
104 172
104 174
104 175
171 107
171 105
171 106
171 104
173 107
173 105
173 106
173 104
172 107
172 105
172 106
172 104
174 107
174 105
174 106
174 104
175 107
175 105
175 106
175 104
143 24
143 27
143 25
143 26
140 24
140 27
140 25
140 26
142 24
142 27
142 25
142 26
141 24
141 27
141 25
141 26
24 143
24 140
24 142
24 141
27 143
27 140
27 142
27 141
25 143
25 140
25 142
25 141
26 143
26 140
26 142
26 141
153 122
153 24
153 27
153 25
153 26
153 120
153 123
153 121
154 122
154 24
154 27
154 25
154 26
154 120
154 123
154 121
222 24
222 27
222 25
222 26
155 122
155 24
155 27
155 25
155 26
155 120
155 123
155 121
152 122
152 24
152 27
152 25
152 26
152 120
152 123
152 121
220 24
220 27
220 25
220 26
221 24
221 27
221 25
221 26
223 24
223 27
223 25
223 26
122 153
122 154
122 155
122 152
24 153
24 154
24 222
24 155
24 152
24 220
24 221
24 223
27 153
27 154
27 222
27 155
27 152
27 220
27 221
27 223
25 153
25 154
25 222
25 155
25 152
25 220
25 221
25 223
26 153
26 154
26 222
26 155
26 152
26 220
26 221
26 223
120 153
120 154
120 155
120 152
123 153
123 154
123 155
123 152
121 153
121 154
121 155
121 152
143 20
143 21
143 22
143 23
140 20
140 21
140 22
140 23
173 20
173 21
173 22
173 23
172 20
172 21
172 22
172 23
174 20
174 21
174 22
174 23
175 20
175 21
175 22
175 23
142 20
142 21
142 22
142 23
141 20
141 21
141 22
141 23
222 33
222 32
222 35
222 34
220 33
220 32
220 35
220 34
221 33
221 32
221 35
221 34
223 33
223 32
223 35
223 34
20 143
20 140
20 173
20 172
20 174
20 175
20 142
20 141
21 143
21 140
21 173
21 172
21 174
21 175
21 142
21 141
22 143
22 140
22 173
22 172
22 174
22 175
22 142
22 141
23 143
23 140
23 173
23 172
23 174
23 175
23 142
23 141
33 222
33 220
33 221
33 223
32 222
32 220
32 221
32 223
35 222
35 220
35 221
35 223
34 222
34 220
34 221
34 223
20 33
20 32
20 35
20 34
21 33
21 32
21 35
21 34
22 33
22 32
22 35
22 34
33 20
33 21
33 22
33 83
33 82
33 81
33 80
33 23
32 20
32 21
32 22
32 83
32 82
32 81
32 80
32 23
83 33
83 32
83 35
83 34
82 33
82 32
82 35
82 34
81 33
81 32
81 35
81 34
80 33
80 32
80 35
80 34
23 33
23 32
23 35
23 34
35 20
35 21
35 22
35 83
35 82
35 81
35 80
35 23
34 20
34 21
34 22
34 83
34 82
34 81
34 80
34 23
33 186
33 187
33 185
33 184
32 186
32 187
32 185
32 184
35 186
35 187
35 185
35 184
34 186
34 187
34 185
34 184
186 33
186 32
186 35
186 34
187 33
187 32
187 35
187 34
185 33
185 32
185 35
185 34
184 33
184 32
184 35
184 34
186 72
186 73
186 74
186 75
187 72
187 73
187 74
187 75
72 186
72 187
72 185
72 184
73 186
73 187
73 185
73 184
74 186
74 187
74 185
74 184
189 97
189 96
189 99
189 98
97 189
97 191
97 188
97 190
96 189
96 191
96 188
96 190
185 72
185 73
185 74
185 75
184 72
184 73
184 74
184 75
99 189
99 191
99 188
99 190
75 186
75 187
75 185
75 184
191 97
191 96
191 99
191 98
98 189
98 191
98 188
98 190
188 97
188 96
188 99
188 98
190 97
190 96
190 99
190 98
143 61
143 63
143 60
143 62
140 61
140 63
140 60
140 62
142 61
142 63
142 60
142 62
141 61
141 63
141 60
141 62
189 28
189 30
189 31
189 43
189 29
189 40
189 42
189 41
191 28
191 30
191 31
191 43
191 29
191 40
191 42
191 41
188 28
188 30
188 31
188 43
188 29
188 40
188 42
188 41
190 28
190 30
190 31
190 43
190 29
190 40
190 42
190 41
61 143
61 140
61 142
61 141
63 143
63 140
63 142
63 141
60 143
60 140
60 142
60 141
62 143
62 140
62 142
62 141
28 189
28 191
28 188
28 190
30 189
30 191
30 188
30 190
31 189
31 191
31 188
31 190
43 189
43 191
43 188
43 190
29 189
29 191
29 188
29 190
40 189
40 191
40 188
40 190
42 189
42 191
42 188
42 190
41 189
41 191
41 188
41 190
209 70
209 68
209 71
209 69
208 70
208 68
208 71
208 69
193 111
193 108
193 109
193 110
193 70
193 68
193 71
193 69
194 111
194 108
194 109
194 110
194 70
194 68
194 71
194 69
192 111
192 108
192 109
192 110
192 70
192 68
192 71
192 69
195 111
195 108
195 109
195 110
195 70
195 68
195 71
195 69
210 70
210 68
210 71
210 69
111 193
111 194
111 192
111 195
108 193
108 194
108 192
108 195
109 193
109 194
109 192
109 195
110 193
110 194
110 192
110 195
70 209
70 208
70 193
70 194
70 192
70 195
70 210
70 211
211 70
211 68
211 71
211 69
68 209
68 208
68 193
68 194
68 192
68 195
68 210
68 211
71 209
71 208
71 193
71 194
71 192
71 195
71 210
71 211
69 209
69 208
69 193
69 194
69 192
69 195
69 210
69 211
209 78
209 76
209 77
209 79
208 78
208 76
208 77
208 79
210 78
210 76
210 77
210 79
70 61
70 63
70 60
70 62
211 78
211 76
211 77
211 79
68 61
68 63
68 60
68 62
71 61
71 63
71 60
71 62
69 61
69 63
69 60
69 62
78 209
78 208
78 210
78 211
76 209
76 208
76 210
76 211
77 209
77 208
77 210
77 211
79 209
79 208
79 210
79 211
61 70
61 68
61 71
61 69
63 70
63 68
63 71
63 69
60 70
60 68
60 71
60 69
62 70
62 68
62 71
62 69
78 227
78 226
78 225
78 224
76 227
76 226
76 225
76 224
77 227
77 226
77 225
77 224
79 227
79 226
79 225
79 224
227 78
227 76
227 77
227 79
227 61
227 63
227 60
227 62
226 78
226 76
226 77
226 79
226 61
226 63
226 60
226 62
225 78
225 76
225 77
225 79
225 61
225 63
225 60
225 62
224 78
224 76
224 77
224 79
224 61
224 63
224 60
224 62
61 227
61 226
61 225
61 224
63 227
63 226
63 225
63 224
60 227
60 226
60 225
60 224
62 227
62 226
62 225
62 224
61 196
61 199
61 197
61 198
63 196
63 199
63 197
63 198
60 196
60 199
60 197
60 198
62 196
62 199
62 197
62 198
47 196
47 199
47 197
47 198
44 196
44 199
44 197
44 198
45 196
45 199
45 197
45 198
46 196
46 199
46 197
46 198
47 157
47 159
47 158
47 156
44 157
44 159
44 158
44 156
45 157
45 159
45 158
45 156
46 157
46 159
46 158
46 156
196 61
196 63
196 60
196 62
196 47
196 44
196 45
196 46
199 61
199 63
199 60
199 62
199 47
199 44
199 45
199 46
197 61
197 63
197 60
197 62
197 47
197 44
197 45
197 46
198 61
198 63
198 60
198 62
198 47
198 44
198 45
198 46
157 47
157 44
157 45
157 46
159 47
159 44
159 45
159 46
158 47
158 44
158 45
158 46
156 47
156 44
156 45
156 46
196 43
196 40
196 42
196 41
43 196
43 138
43 199
43 197
43 198
43 139
43 137
43 136
40 196
40 138
40 199
40 197
40 198
40 139
40 137
40 136
42 196
42 138
42 199
42 197
42 198
42 139
42 137
42 136
41 196
41 138
41 199
41 197
41 198
41 139
41 137
41 136
138 43
138 40
138 42
138 41
199 43
199 40
199 42
199 41
197 43
197 40
197 42
197 41
198 43
198 40
198 42
198 41
139 43
139 40
139 42
139 41
137 43
137 40
137 42
137 41
136 43
136 40
136 42
136 41
157 124
157 125
157 126
157 127
59 179
59 178
59 176
59 177
58 179
58 178
58 176
58 177
57 179
57 178
57 176
57 177
56 179
56 178
56 176
56 177
159 124
159 125
159 126
159 127
124 157
124 159
124 179
124 178
124 158
124 156
124 176
124 177
179 59
179 58
179 57
179 56
179 124
179 125
179 126
179 127
178 59
178 58
178 57
178 56
178 124
178 125
178 126
178 127
158 124
158 125
158 126
158 127
156 124
156 125
156 126
156 127
176 59
176 58
176 57
176 56
176 124
176 125
176 126
176 127
125 157
125 159
125 179
125 178
125 158
125 156
125 176
125 177
126 157
126 159
126 179
126 178
126 158
126 156
126 176
126 177
127 157
127 159
127 179
127 178
127 158
127 156
127 176
127 177
177 59
177 58
177 57
177 56
177 124
177 125
177 126
177 127
