# Rows | Columns (Hamiltonian neighbor indices)
243 98
243 97
243 96
243 99
76 128
76 131
76 130
76 129
78 128
78 131
78 130
78 129
79 128
79 131
79 130
79 129
240 98
240 97
240 96
240 99
77 128
77 131
77 130
77 129
241 98
241 97
241 96
241 99
242 98
242 97
242 96
242 99
128 76
128 78
128 79
128 77
128 98
128 97
128 96
128 99
131 76
131 78
131 79
131 77
131 98
131 97
131 96
131 99
130 76
130 78
130 79
130 77
130 98
130 97
130 96
130 99
98 243
98 240
98 241
98 242
98 128
98 131
98 130
98 129
129 76
129 78
129 79
129 77
129 98
129 97
129 96
129 99
97 243
97 240
97 241
97 242
97 128
97 131
97 130
97 129
96 243
96 240
96 241
96 242
96 128
96 131
96 130
96 129
99 243
99 240
99 241
99 242
99 128
99 131
99 130
99 129
98 251
98 250
98 248
98 249
97 251
97 250
97 248
97 249
96 251
96 250
96 248
96 249
99 251
99 250
99 248
99 249
251 98
251 97
251 96
251 99
250 98
250 97
250 96
250 99
248 98
248 97
248 96
248 99
249 98
249 97
249 96
249 99
75 251
75 250
75 248
75 249
251 75
251 72
251 73
251 74
251 112
251 113
251 114
251 115
250 75
250 72
250 73
250 74
250 112
250 113
250 114
250 115
248 75
248 72
248 73
248 74
248 112
248 113
248 114
248 115
249 75
249 72
249 73
249 74
249 112
249 113
249 114
249 115
72 251
72 250
72 248
72 249
73 251
73 250
73 248
73 249
74 251
74 250
74 248
74 249
112 251
112 250
112 248
112 249
113 251
113 250
113 248
113 249
114 251
114 250
114 248
114 249
115 251
115 250
115 248
115 249
128 8
128 11
128 10
128 9
131 8
131 11
131 10
131 9
130 8
130 11
130 10
130 9
129 8
129 11
129 10
129 9
245 8
245 11
245 10
245 9
247 8
247 11
247 10
247 9
244 8
244 11
244 10
244 9
246 8
246 11
246 10
246 9
8 128
8 131
8 130
8 129
11 128
11 131
11 130
11 129
10 128
10 131
10 130
10 129
9 128
9 131
9 130
9 129
8 245
8 247
8 244
8 246
11 245
11 247
11 244
11 246
10 245
10 247
10 244
10 246
9 245
9 247
9 244
9 246
124 215
124 212
124 213
124 214
8 215
8 212
8 213
8 214
11 215
11 212
11 213
11 214
10 215
10 212
10 213
10 214
215 124
215 8
215 11
215 10
215 9
215 127
215 125
215 126
215 57
215 59
215 58
215 56
212 124
212 8
212 11
212 10
212 9
212 127
212 125
212 126
212 57
212 59
212 58
212 56
213 124
213 8
213 11
213 10
213 9
213 127
213 125
213 126
213 57
213 59
213 58
213 56
214 124
214 8
214 11
214 10
214 9
214 127
214 125
214 126
214 57
214 59
214 58
214 56
9 215
9 212
9 213
9 214
127 215
127 212
127 213
127 214
125 215
125 212
125 213
125 214
126 215
126 212
126 213
126 214
57 215
57 212
57 213
57 214
59 215
59 212
59 213
59 214
58 215
58 212
58 213
58 214
56 215
56 212
56 213
56 214
57 231
57 230
57 228
57 229
59 231
59 230
59 228
59 229
58 231
58 230
58 228
58 229
56 231
56 230
56 228
56 229
231 57
231 59
231 58
231 56
230 57
230 59
230 58
230 56
228 57
228 59
228 58
228 56
229 57
229 59
229 58
229 56
44 231
44 143
44 140
44 141
44 142
44 230
44 228
44 229
47 231
47 143
47 140
47 141
47 142
47 230
47 228
47 229
45 231
45 143
45 140
45 141
45 142
45 230
45 228
45 229
46 231
46 143
46 140
46 141
46 142
46 230
46 228
46 229
231 44
231 47
231 45
231 46
231 19
231 18
231 17
231 16
19 231
19 230
19 228
19 229
18 231
18 230
18 228
18 229
17 231
17 230
17 228
17 229
16 231
16 230
16 228
16 229
143 44
143 47
143 45
143 46
140 44
140 47
140 45
140 46
141 44
141 47
141 45
141 46
142 44
142 47
142 45
142 46
230 44
230 47
230 45
230 46
230 19
230 18
230 17
230 16
228 44
228 47
228 45
228 46
228 19
228 18
228 17
228 16
229 44
229 47
229 45
229 46
229 19
229 18
229 17
229 16
245 38
245 39
245 36
245 37
247 38
247 39
247 36
247 37
244 38
244 39
244 36
244 37
246 38
246 39
246 36
246 37
112 189
112 191
112 190
112 188
113 189
113 191
113 190
113 188
114 189
114 191
114 190
114 188
115 189
115 191
115 190
115 188
124 255
124 254
124 253
124 252
127 255
127 254
127 253
127 252
125 255
125 254
125 253
125 252
126 255
126 254
126 253
126 252
189 112
189 113
189 114
189 115
191 112
191 113
191 114
191 115
190 112
190 113
190 114
190 115
188 112
188 113
188 114
188 115
38 245
38 247
38 244
38 246
39 245
39 247
39 244
39 246
36 245
36 247
36 244
36 246
37 245
37 247
37 244
37 246
255 124
255 127
255 125
255 126
254 124
254 127
254 125
254 126
253 124
253 127
253 125
253 126
252 124
252 127
252 125
252 126
235 1
235 2
235 3
235 0
1 235
1 239
1 238
1 237
1 236
1 233
1 232
1 234
2 235
2 239
2 238
2 237
2 236
2 233
2 232
2 234
3 235
3 239
3 238
3 237
3 236
3 233
3 232
3 234
55 239
55 238
55 237
55 236
54 239
54 238
54 237
54 236
53 239
53 238
53 237
53 236
52 239
52 238
52 237
52 236
239 1
239 2
239 3
239 55
239 54
239 53
239 52
239 0
238 1
238 2
238 3
238 55
238 54
238 53
238 52
238 0
237 1
237 2
237 3
237 55
237 54
237 53
237 52
237 0
236 1
236 2
236 3
236 55
236 54
236 53
236 52
236 0
0 235
0 239
0 238
0 237
0 236
0 233
0 232
0 234
233 1
233 2
233 3
233 0
232 1
232 2
232 3
232 0
234 1
234 2
234 3
234 0
235 28
235 31
235 30
235 29
55 189
55 191
55 190
55 188
54 189
54 191
54 190
54 188
53 189
53 191
53 190
53 188
52 189
52 191
52 190
52 188
233 28
233 31
233 30
233 29
232 28
232 31
232 30
232 29
234 28
234 31
234 30
234 29
189 55
189 54
189 53
189 52
191 55
191 54
191 53
191 52
190 55
190 54
190 53
190 52
28 235
28 233
28 232
28 234
188 55
188 54
188 53
188 52
31 235
31 233
31 232
31 234
30 235
30 233
30 232
30 234
29 235
29 233
29 232
29 234
28 151
28 150
28 149
28 148
31 151
31 150
31 149
31 148
30 151
30 150
30 149
30 148
29 151
29 150
29 149
29 148
151 28
151 31
151 30
151 29
150 28
150 31
150 30
150 29
149 28
149 31
149 30
149 29
148 28
148 31
148 30
148 29
235 88
235 89
235 90
235 91
233 88
233 89
233 90
233 91
232 88
232 89
232 90
232 91
234 88
234 89
234 90
234 91
28 137
28 136
28 138
28 139
31 137
31 136
31 138
31 139
30 137
30 136
30 138
30 139
29 137
29 136
29 138
29 139
38 255
38 254
38 253
38 252
39 255
39 254
39 253
39 252
36 255
36 254
36 253
36 252
37 255
37 254
37 253
37 252
88 235
88 233
88 232
88 234
89 235
89 233
89 232
89 234
90 235
90 233
90 232
90 234
91 235
91 233
91 232
91 234
137 28
137 31
137 30
137 29
136 28
136 31
136 30
136 29
138 28
138 31
138 30
138 29
139 28
139 31
139 30
139 29
255 38
255 39
255 36
255 37
254 38
254 39
254 36
254 37
253 38
253 39
253 36
253 37
252 38
252 39
252 36
252 37
22 160
22 161
22 162
22 163
23 160
23 161
23 162
23 163
21 160
21 161
21 162
21 163
20 160
20 161
20 162
20 163
160 22
160 23
160 21
160 20
160 88
160 89
160 90
160 91
88 160
88 161
88 162
88 163
89 160
89 161
89 162
89 163
90 160
90 161
90 162
90 163
91 160
91 161
91 162
91 163
161 22
161 23
161 21
161 20
161 88
161 89
161 90
161 91
162 22
162 23
162 21
162 20
162 88
162 89
162 90
162 91
163 22
163 23
163 21
163 20
163 88
163 89
163 90
163 91
22 171
22 170
22 169
22 168
23 171
23 170
23 169
23 168
21 171
21 170
21 169
21 168
20 171
20 170
20 169
20 168
137 41
137 43
137 40
137 42
136 41
136 43
136 40
136 42
138 41
138 43
138 40
138 42
139 41
139 43
139 40
139 42
41 137
41 136
41 138
41 139
43 137
43 136
43 138
43 139
40 137
40 136
40 138
40 139
171 22
171 23
171 21
171 20
170 22
170 23
170 21
170 20
169 22
169 23
169 21
169 20
168 22
168 23
168 21
168 20
42 137
42 136
42 138
42 139
41 171
41 170
41 169
41 168
41 255
41 254
41 253
41 252
43 171
43 170
43 169
43 168
43 255
43 254
43 253
43 252
40 171
40 170
40 169
40 168
40 255
40 254
40 253
40 252
34 171
34 170
34 169
34 168
35 171
35 170
35 169
35 168
171 41
171 43
171 40
171 34
171 35
171 33
171 32
171 42
33 171
33 170
33 169
33 168
32 171
32 170
32 169
32 168
170 41
170 43
170 40
170 34
170 35
170 33
170 32
170 42
169 41
169 43
169 40
169 34
169 35
169 33
169 32
169 42
168 41
168 43
168 40
168 34
168 35
168 33
168 32
168 42
42 171
42 170
42 169
42 168
42 255
42 254
42 253
42 252
255 41
255 43
255 40
255 42
254 41
254 43
254 40
254 42
253 41
253 43
253 40
253 42
252 41
252 43
252 40
252 42
76 167
76 133
76 134
76 135
76 164
76 132
76 166
76 165
78 167
78 133
78 134
78 135
78 164
78 132
78 166
78 165
79 167
79 133
79 134
79 135
79 164
79 132
79 166
79 165
77 167
77 133
77 134
77 135
77 164
77 132
77 166
77 165
75 167
75 164
75 166
75 165
72 167
72 164
72 166
72 165
73 167
73 164
73 166
73 165
74 167
74 164
74 166
74 165
245 122
245 121
245 120
245 123
247 122
247 121
247 120
247 123
244 122
244 121
244 120
244 123
246 122
246 121
246 120
246 123
143 111
143 104
143 107
143 106
143 105
143 108
143 109
143 110
140 111
140 104
140 107
140 106
140 105
140 108
140 109
140 110
141 111
141 104
141 107
141 106
141 105
141 108
141 109
141 110
142 111
142 104
142 107
142 106
142 105
142 108
142 109
142 110
151 50
151 51
151 48
151 49
150 50
150 51
150 48
150 49
149 50
149 51
149 48
149 49
148 50
148 51
148 48
148 49
38 154
38 153
38 155
38 152
39 154
39 153
39 155
39 152
36 154
36 153
36 155
36 152
37 154
37 153
37 155
37 152
34 204
34 205
34 206
34 207
35 204
35 205
35 206
35 207
33 204
33 205
33 206
33 207
32 204
32 205
32 206
32 207
167 76
167 78
167 79
167 77
133 76
133 78
133 79
133 77
134 76
134 78
134 79
134 77
135 76
135 78
135 79
135 77
164 76
164 78
164 79
164 77
132 76
132 78
132 79
132 77
166 76
166 78
166 79
166 77
165 76
165 78
165 79
165 77
167 75
167 72
167 73
167 74
164 75
164 72
164 73
164 74
166 75
166 72
166 73
166 74
165 75
165 72
165 73
165 74
122 245
122 247
122 244
122 246
121 245
121 247
121 244
121 246
120 245
120 247
120 244
120 246
123 245
123 247
123 244
123 246
50 151
50 150
50 149
50 148
51 151
51 150
51 149
51 148
48 151
48 150
48 149
48 148
49 151
49 150
49 149
49 148
111 143
111 140
111 141
111 142
104 143
104 140
104 141
104 142
107 143
107 140
107 141
107 142
106 143
106 140
106 141
106 142
105 143
105 140
105 141
105 142
108 143
108 140
108 141
108 142
109 143
109 140
109 141
109 142
110 143
110 140
110 141
110 142
154 38
154 39
154 36
154 37
153 38
153 39
153 36
153 37
155 38
155 39
155 36
155 37
152 38
152 39
152 36
152 37
204 34
204 35
204 33
204 32
205 34
205 35
205 33
205 32
206 34
206 35
206 33
206 32
207 34
207 35
207 33
207 32
167 64
167 65
167 66
167 67
164 64
164 65
164 66
164 67
166 64
166 65
166 66
166 67
165 64
165 65
165 66
165 67
64 167
64 164
64 166
64 165
65 167
65 164
65 166
65 165
66 167
66 164
66 166
66 165
67 167
67 164
67 166
67 165
217 62
217 60
217 61
217 63
133 84
133 85
133 86
133 87
134 84
134 85
134 86
134 87
135 84
135 85
135 86
135 87
132 84
132 85
132 86
132 87
219 62
219 60
219 61
219 63
216 62
216 60
216 61
216 63
218 62
218 60
218 61
218 63
64 156
64 157
64 158
64 159
65 156
65 157
65 158
65 159
66 156
66 157
66 158
66 159
67 156
67 157
67 158
67 159
84 133
84 134
84 135
84 132
85 133
85 134
85 135
85 132
86 133
86 134
86 135
86 132
62 217
62 219
62 216
62 218
87 133
87 134
87 135
87 132
60 217
60 219
60 216
60 218
61 217
61 219
61 216
61 218
63 217
63 219
63 216
63 218
156 64
156 65
156 66
156 67
157 64
157 65
157 66
157 67
158 64
158 65
158 66
158 67
159 64
159 65
159 66
159 67
84 156
84 157
84 158
84 159
85 156
85 157
85 158
85 159
86 156
86 157
86 158
86 159
87 156
87 157
87 158
87 159
156 84
156 85
156 86
156 87
156 24
156 27
156 26
156 25
157 84
157 85
157 86
157 87
157 24
157 27
157 26
157 25
158 84
158 85
158 86
158 87
158 24
158 27
158 26
158 25
159 84
159 85
159 86
159 87
159 24
159 27
159 26
159 25
24 156
24 157
24 158
24 159
27 156
27 157
27 158
27 159
26 156
26 157
26 158
26 159
25 156
25 157
25 158
25 159
217 122
217 121
217 120
217 123
219 122
219 121
219 120
219 123
216 122
216 121
216 120
216 123
218 122
218 121
218 120
218 123
62 176
62 177
62 178
62 179
60 176
60 177
60 178
60 179
61 176
61 177
61 178
61 179
63 176
63 177
63 178
63 179
122 217
122 219
122 216
122 218
121 217
121 219
121 216
121 218
120 217
120 219
120 216
120 218
123 217
123 219
123 216
123 218
176 62
176 60
176 61
176 63
177 62
177 60
177 61
177 63
178 62
178 60
178 61
178 63
179 62
179 60
179 61
179 63
122 227
122 226
122 225
122 224
121 227
121 226
121 225
121 224
120 227
120 226
120 225
120 224
227 122
227 121
227 120
227 123
123 227
123 226
123 225
123 224
226 122
226 121
226 120
226 123
225 122
225 121
225 120
225 123
224 122
224 121
224 120
224 123
117 182
117 180
117 181
117 183
116 182
116 180
116 181
116 183
119 182
119 180
119 181
119 183
118 182
118 180
118 181
118 183
182 117
182 116
182 119
182 118
180 117
180 116
180 119
180 118
181 117
181 116
181 119
181 118
183 117
183 116
183 119
183 118
182 50
182 51
182 82
182 81
182 83
182 48
182 80
182 49
180 50
180 51
180 82
180 81
180 83
180 48
180 80
180 49
181 50
181 51
181 82
181 81
181 83
181 48
181 80
181 49
183 50
183 51
183 82
183 81
183 83
183 48
183 80
183 49
50 182
50 180
50 181
50 183
51 182
51 180
51 181
51 183
82 182
82 180
82 181
82 183
82 203
82 200
82 201
82 202
81 182
81 180
81 181
81 183
81 203
81 200
81 201
81 202
83 182
83 180
83 181
83 183
83 203
83 200
83 201
83 202
203 82
203 81
203 83
203 80
48 182
48 180
48 181
48 183
200 82
200 81
200 83
200 80
80 182
80 180
80 181
80 183
80 203
80 200
80 201
80 202
201 82
201 81
201 83
201 80
202 82
202 81
202 83
202 80
49 182
49 180
49 181
49 183
133 104
133 107
133 106
133 105
134 104
134 107
134 106
134 105
135 104
135 107
135 106
135 105
132 104
132 107
132 106
132 105
84 100
84 102
84 103
84 101
85 100
85 102
85 103
85 101
86 100
86 102
86 103
86 101
87 100
87 102
87 103
87 101
227 94
227 95
227 92
227 93
226 94
226 95
226 92
226 93
225 94
225 95
225 92
225 93
224 94
224 95
224 92
224 93
50 154
50 153
50 155
50 152
51 154
51 153
51 155
51 152
48 154
48 153
48 155
48 152
49 154
49 153
49 155
49 152
104 133
104 134
104 135
104 132
107 133
107 134
107 135
107 132
106 133
106 134
106 135
106 132
105 133
105 134
105 135
105 132
100 84
100 85
100 86
100 87
102 84
102 85
102 86
102 87
103 84
103 85
103 86
103 87
101 84
101 85
101 86
101 87
94 227
94 226
94 225
94 224
95 227
95 226
95 225
95 224
92 227
92 226
92 225
92 224
93 227
93 226
93 225
93 224
154 50
154 51
154 48
154 49
153 50
153 51
153 48
153 49
155 50
155 51
155 48
155 49
152 50
152 51
152 48
152 49
111 192
111 195
111 194
111 193
111 223
111 222
111 220
111 221
192 111
192 108
192 109
192 110
195 111
195 108
195 109
195 110
194 111
194 108
194 109
194 110
193 111
193 108
193 109
193 110
108 192
108 195
108 194
108 193
108 223
108 222
108 220
108 221
223 111
223 108
223 109
223 110
109 192
109 195
109 194
109 193
109 223
109 222
109 220
109 221
110 192
110 195
110 194
110 193
110 223
110 222
110 220
110 221
222 111
222 108
222 109
222 110
220 111
220 108
220 109
220 110
221 111
221 108
221 109
221 110
223 15
223 14
223 13
223 12
222 15
222 14
222 13
222 12
220 15
220 14
220 13
220 12
221 15
221 14
221 13
221 12
15 223
15 222
15 220
15 221
14 223
14 222
14 220
14 221
13 223
13 222
13 220
13 221
12 223
12 222
12 220
12 221
100 144
100 145
100 147
100 146
102 144
102 145
102 147
102 146
103 144
103 145
103 147
103 146
209 15
209 14
209 13
209 12
208 15
208 14
208 13
208 12
210 15
210 14
210 13
210 12
15 209
15 208
15 210
15 144
15 145
15 147
15 146
15 211
14 209
14 208
14 210
14 144
14 145
14 147
14 146
14 211
13 209
13 208
13 210
13 144
13 145
13 147
13 146
13 211
12 209
12 208
12 210
12 144
12 145
12 147
12 146
12 211
144 100
144 102
144 103
144 15
144 14
144 13
144 12
144 101
145 100
145 102
145 103
145 15
145 14
145 13
145 12
145 101
147 100
147 102
147 103
147 15
147 14
147 13
147 12
147 101
101 144
101 145
101 147
101 146
146 100
146 102
146 103
146 15
146 14
146 13
146 12
146 101
211 15
211 14
211 13
211 12
144 94
144 95
144 92
144 93
145 94
145 95
145 92
145 93
147 94
147 95
147 92
147 93
146 94
146 95
146 92
146 93
94 144
94 145
94 147
94 146
95 144
95 145
95 147
95 146
92 144
92 145
92 147
92 146
93 144
93 145
93 147
93 146
71 186
71 185
71 184
71 154
71 187
71 153
71 155
71 152
186 71
186 70
186 69
186 68
70 186
70 185
70 184
70 154
70 187
70 153
70 155
70 152
69 186
69 185
69 184
69 154
69 187
69 153
69 155
69 152
68 186
68 185
68 184
68 154
68 187
68 153
68 155
68 152
185 71
185 70
185 69
185 68
184 71
184 70
184 69
184 68
154 71
154 70
154 69
154 68
187 71
187 70
187 69
187 68
153 71
153 70
153 69
153 68
155 71
155 70
155 69
155 68
152 71
152 70
152 69
152 68
71 197
71 198
71 196
71 199
70 197
70 198
70 196
70 199
69 197
69 198
69 196
69 199
68 197
68 198
68 196
68 199
94 197
94 198
94 196
94 199
95 197
95 198
95 196
95 199
92 197
92 198
92 196
92 199
93 197
93 198
93 196
93 199
197 71
197 70
197 69
197 68
197 94
197 95
197 92
197 93
198 71
198 70
198 69
198 68
198 94
198 95
198 92
198 93
196 71
196 70
196 69
196 68
196 94
196 95
196 92
196 93
199 71
199 70
199 69
199 68
199 94
199 95
199 92
199 93
197 5
197 4
197 7
197 6
198 5
198 4
198 7
198 6
196 5
196 4
196 7
196 6
5 197
5 198
5 196
5 199
5 174
5 175
5 173
5 172
199 5
199 4
199 7
199 6
4 197
4 198
4 196
4 199
4 174
4 175
4 173
4 172
174 5
174 4
174 7
174 6
175 5
175 4
175 7
175 6
7 197
7 198
7 196
7 199
7 174
7 175
7 173
7 172
173 5
173 4
173 7
173 6
172 5
172 4
172 7
172 6
6 197
6 198
6 196
6 199
6 174
6 175
6 173
6 172
