# Rows | Columns (Hamiltonian neighbor indices)
55 19
55 16
55 17
55 18
55 143
55 140
55 141
55 142
54 19
54 16
54 17
54 18
54 143
54 140
54 141
54 142
53 19
53 16
53 17
53 18
53 143
53 140
53 141
53 142
19 55
19 54
19 53
19 52
52 19
52 16
52 17
52 18
52 143
52 140
52 141
52 142
16 55
16 54
16 53
16 52
17 55
17 54
17 53
17 52
18 55
18 54
18 53
18 52
143 55
143 54
143 53
143 52
143 125
143 127
143 124
143 126
140 55
140 54
140 53
140 52
140 125
140 127
140 124
140 126
141 55
141 54
141 53
141 52
141 125
141 127
141 124
141 126
142 55
142 54
142 53
142 52
142 125
142 127
142 124
142 126
125 143
125 140
125 141
125 142
127 143
127 140
127 141
127 142
124 143
124 140
124 141
124 142
126 143
126 140
126 141
126 142
125 216
125 217
125 218
125 219
127 216
127 217
127 218
127 219
124 216
124 217
124 218
124 219
126 216
126 217
126 218
126 219
216 125
216 127
216 124
216 126
217 125
217 127
217 124
217 126
218 125
218 127
218 124
218 126
219 125
219 127
219 124
219 126
136 59
136 56
136 57
136 58
137 59
137 56
137 57
137 58
138 59
138 56
138 57
138 58
139 59
139 56
139 57
139 58
216 59
216 56
216 57
216 58
59 136
59 137
59 138
59 139
59 216
59 217
59 218
59 219
217 59
217 56
217 57
217 58
218 59
218 56
218 57
218 58
219 59
219 56
219 57
219 58
56 136
56 137
56 138
56 139
56 216
56 217
56 218
56 219
57 136
57 137
57 138
57 139
57 216
57 217
57 218
57 219
58 136
58 137
58 138
58 139
58 216
58 217
58 218
58 219
55 130
55 129
55 131
55 128
54 130
54 129
54 131
54 128
53 130
53 129
53 131
53 128
52 130
52 129
52 131
52 128
106 130
106 129
106 131
106 128
107 130
107 129
107 131
107 128
104 130
104 129
104 131
104 128
105 130
105 129
105 131
105 128
106 144
106 146
106 147
106 145
107 144
107 146
107 147
107 145
104 144
104 146
104 147
104 145
105 144
105 146
105 147
105 145
130 55
130 54
130 53
130 52
129 55
129 54
129 53
129 52
131 55
131 54
131 53
131 52
128 55
128 54
128 53
128 52
130 106
130 107
130 104
130 105
129 106
129 107
129 104
129 105
131 106
131 107
131 104
131 105
128 106
128 107
128 104
128 105
144 106
144 107
144 104
144 105
146 106
146 107
146 104
146 105
147 106
147 107
147 104
147 105
145 106
145 107
145 104
145 105
130 79
130 78
130 77
130 76
179 79
179 78
179 77
179 76
178 79
178 78
178 77
178 76
177 79
177 78
177 77
177 76
176 79
176 78
176 77
176 76
79 130
79 179
79 178
79 177
79 176
79 129
79 131
79 128
78 130
78 179
78 178
78 177
78 176
78 129
78 131
78 128
77 130
77 179
77 178
77 177
77 176
77 129
77 131
77 128
76 130
76 179
76 178
76 177
76 176
76 129
76 131
76 128
129 79
129 78
129 77
129 76
131 79
131 78
131 77
131 76
128 79
128 78
128 77
128 76
123 232
123 233
123 234
123 144
123 146
123 235
123 147
123 145
122 232
122 233
122 234
122 144
122 146
122 235
122 147
122 145
120 232
120 233
120 234
120 144
120 146
120 235
120 147
120 145
31 232
31 233
31 234
31 235
121 232
121 233
121 234
121 144
121 146
121 235
121 147
121 145
232 123
232 122
232 120
232 31
232 121
232 30
232 29
232 28
233 123
233 122
233 120
233 31
233 121
233 30
233 29
233 28
30 232
30 233
30 234
30 235
29 232
29 233
29 234
29 235
28 232
28 233
28 234
28 235
234 123
234 122
234 120
234 31
234 121
234 30
234 29
234 28
144 123
144 122
144 120
144 121
146 123
146 122
146 120
146 121
235 123
235 122
235 120
235 31
235 121
235 30
235 29
235 28
147 123
147 122
147 120
147 121
145 123
145 122
145 120
145 121
19 242
19 241
19 243
19 240
16 242
16 241
16 243
16 240
17 242
17 241
17 243
17 240
18 242
18 241
18 243
18 240
79 191
79 190
79 189
79 188
78 191
78 190
78 189
78 188
77 191
77 190
77 189
77 188
76 191
76 190
76 189
76 188
242 19
242 16
242 17
242 18
241 19
241 16
241 17
241 18
243 19
243 16
243 17
243 18
240 19
240 16
240 17
240 18
191 79
191 78
191 77
191 76
190 79
190 78
190 77
190 76
189 79
189 78
189 77
189 76
188 79
188 78
188 77
188 76
7 229
7 228
7 231
7 230
7 242
7 241
7 243
7 240
5 229
5 228
5 231
5 230
5 242
5 241
5 243
5 240
229 7
229 5
229 4
229 6
228 7
228 5
228 4
228 6
4 229
4 228
4 231
4 230
4 242
4 241
4 243
4 240
231 7
231 5
231 4
231 6
6 229
6 228
6 231
6 230
6 242
6 241
6 243
6 240
230 7
230 5
230 4
230 6
242 7
242 5
242 4
242 6
241 7
241 5
241 4
241 6
243 7
243 5
243 4
243 6
240 7
240 5
240 4
240 6
63 49
63 48
63 51
63 50
63 252
63 253
63 254
63 255
242 49
242 48
242 51
242 50
61 49
61 48
61 51
61 50
61 252
61 253
61 254
61 255
62 49
62 48
62 51
62 50
62 252
62 253
62 254
62 255
241 49
241 48
241 51
241 50
60 49
60 48
60 51
60 50
60 252
60 253
60 254
60 255
243 49
243 48
243 51
243 50
240 49
240 48
240 51
240 50
49 63
49 242
49 61
49 62
49 241
49 60
49 243
49 240
48 63
48 242
48 61
48 62
48 241
48 60
48 243
48 240
51 63
51 242
51 61
51 62
51 241
51 60
51 243
51 240
50 63
50 242
50 61
50 62
50 241
50 60
50 243
50 240
252 63
252 61
252 62
252 60
253 63
253 61
253 62
253 60
254 63
254 61
254 62
254 60
255 63
255 61
255 62
255 60
49 134
49 132
49 133
49 135
48 134
48 132
48 133
48 135
51 134
51 132
51 133
51 135
50 134
50 132
50 133
50 135
134 49
134 48
134 51
134 50
132 49
132 48
132 51
132 50
133 49
133 48
133 51
133 50
135 49
135 48
135 51
135 50
7 166
7 164
7 165
7 167
5 166
5 164
5 165
5 167
229 115
229 114
229 113
229 112
228 115
228 114
228 113
228 112
4 166
4 164
4 165
4 167
231 115
231 114
231 113
231 112
6 166
6 164
6 165
6 167
230 115
230 114
230 113
230 112
220 20
220 21
220 23
220 22
223 20
223 21
223 23
223 22
221 20
221 21
221 23
221 22
222 20
222 21
222 23
222 22
166 7
166 5
166 4
166 6
115 229
115 228
115 231
115 230
114 229
114 228
114 231
114 230
113 229
113 228
113 231
113 230
112 229
112 228
112 231
112 230
164 7
164 5
164 4
164 6
165 7
165 5
165 4
165 6
167 7
167 5
167 4
167 6
20 220
20 223
20 221
20 222
21 220
21 223
21 221
21 222
23 220
23 223
23 221
23 222
22 220
22 223
22 221
22 222
166 20
166 21
166 23
166 22
20 166
20 164
20 165
20 167
21 166
21 164
21 165
21 167
23 166
23 164
23 165
23 167
115 250
115 248
115 249
115 251
114 250
114 248
114 249
114 251
113 250
113 248
113 249
113 251
112 250
112 248
112 249
112 251
22 166
22 164
22 165
22 167
164 20
164 21
164 23
164 22
165 20
165 21
165 23
165 22
167 20
167 21
167 23
167 22
250 115
250 114
250 113
250 112
248 115
248 114
248 113
248 112
249 115
249 114
249 113
249 112
251 115
251 114
251 113
251 112
166 34
166 32
166 33
166 35
164 34
164 32
164 33
164 35
165 34
165 32
165 33
165 35
167 34
167 32
167 33
167 35
250 34
250 159
250 32
250 33
250 35
250 158
250 157
250 156
248 34
248 159
248 32
248 33
248 35
248 158
248 157
248 156
249 34
249 159
249 32
249 33
249 35
249 158
249 157
249 156
251 34
251 159
251 32
251 33
251 35
251 158
251 157
251 156
34 166
34 164
34 165
34 167
34 250
34 248
34 249
34 251
159 250
159 248
159 249
159 251
32 166
32 164
32 165
32 167
32 250
32 248
32 249
32 251
33 166
33 164
33 165
33 167
33 250
33 248
33 249
33 251
35 166
35 164
35 165
35 167
35 250
35 248
35 249
35 251
158 250
158 248
158 249
158 251
157 250
157 248
157 249
157 251
156 250
156 248
156 249
156 251
34 191
34 190
34 159
34 189
34 158
34 157
34 156
34 188
191 34
191 32
191 33
191 35
191 27
191 24
191 26
191 25
190 34
190 32
190 33
190 35
190 27
190 24
190 26
190 25
159 34
159 32
159 33
159 35
32 191
32 190
32 159
32 189
32 158
32 157
32 156
32 188
33 191
33 190
33 159
33 189
33 158
33 157
33 156
33 188
35 191
35 190
35 159
35 189
35 158
35 157
35 156
35 188
189 34
189 32
189 33
189 35
189 27
189 24
189 26
189 25
27 191
27 190
27 189
27 188
158 34
158 32
158 33
158 35
157 34
157 32
157 33
157 35
156 34
156 32
156 33
156 35
24 191
24 190
24 189
24 188
188 34
188 32
188 33
188 35
188 27
188 24
188 26
188 25
26 191
26 190
26 189
26 188
25 191
25 190
25 189
25 188
106 208
106 210
106 209
106 211
107 208
107 210
107 209
107 211
104 208
104 210
104 209
104 211
105 208
105 210
105 209
105 211
216 8
216 11
216 9
216 10
59 208
59 210
59 209
59 211
217 8
217 11
217 9
217 10
218 8
218 11
218 9
218 10
219 8
219 11
219 9
219 10
56 208
56 210
56 209
56 211
57 208
57 210
57 209
57 211
58 208
58 210
58 209
58 211
144 82
144 81
144 80
144 83
146 82
146 81
146 80
146 83
147 82
147 81
147 80
147 83
145 82
145 81
145 80
145 83
232 67
232 66
232 65
232 64
233 67
233 66
233 65
233 64
234 67
234 66
234 65
234 64
235 67
235 66
235 65
235 64
134 44
134 45
134 46
134 47
132 44
132 45
132 46
132 47
220 44
220 45
220 46
220 47
223 44
223 45
223 46
223 47
221 44
221 45
221 46
221 47
222 44
222 45
222 46
222 47
133 44
133 45
133 46
133 47
135 44
135 45
135 46
135 47
20 227
20 224
20 226
20 225
21 227
21 224
21 226
21 225
23 227
23 224
23 226
23 225
22 227
22 224
22 226
22 225
208 106
208 107
208 104
208 105
208 59
208 56
208 57
208 58
210 106
210 107
210 104
210 105
210 59
210 56
210 57
210 58
209 106
209 107
209 104
209 105
209 59
209 56
209 57
209 58
8 216
8 217
8 218
8 219
211 106
211 107
211 104
211 105
211 59
211 56
211 57
211 58
11 216
11 217
11 218
11 219
9 216
9 217
9 218
9 219
10 216
10 217
10 218
10 219
44 134
44 132
44 220
44 223
44 221
44 222
44 133
44 135
45 134
45 132
45 220
45 223
45 221
45 222
45 133
45 135
46 134
46 132
46 220
46 223
46 221
46 222
46 133
46 135
47 134
47 132
47 220
47 223
47 221
47 222
47 133
47 135
82 144
82 146
82 147
82 145
81 144
81 146
81 147
81 145
80 144
80 146
80 147
80 145
83 144
83 146
83 147
83 145
67 232
67 233
67 234
67 235
66 232
66 233
66 234
66 235
65 232
65 233
65 234
65 235
64 232
64 233
64 234
64 235
227 20
227 21
227 23
227 22
224 20
224 21
224 23
224 22
226 20
226 21
226 23
226 22
225 20
225 21
225 23
225 22
204 8
204 11
204 9
204 10
8 204
8 205
8 207
8 206
11 204
11 205
11 207
11 206
9 204
9 205
9 207
9 206
10 204
10 205
10 207
10 206
205 8
205 11
205 9
205 10
207 8
207 11
207 9
207 10
206 8
206 11
206 9
206 10
162 73
162 75
162 74
162 72
160 73
160 75
160 74
160 72
161 73
161 75
161 74
161 72
163 73
163 75
163 74
163 72
73 162
73 160
73 161
73 163
75 162
75 160
75 161
75 163
74 162
74 160
74 161
74 163
72 162
72 160
72 161
72 163
73 200
73 203
73 202
73 201
73 152
73 153
73 154
73 155
75 200
75 203
75 202
75 201
75 152
75 153
75 154
75 155
74 200
74 203
74 202
74 201
74 152
74 153
74 154
74 155
72 200
72 203
72 202
72 201
72 152
72 153
72 154
72 155
200 73
200 75
200 74
200 72
203 73
203 75
203 74
203 72
202 73
202 75
202 74
202 72
201 73
201 75
201 74
201 72
152 73
152 75
152 74
152 72
152 42
152 40
152 43
152 41
153 73
153 75
153 74
153 72
153 42
153 40
153 43
153 41
154 73
154 75
154 74
154 72
154 42
154 40
154 43
154 41
155 73
155 75
155 74
155 72
155 42
155 40
155 43
155 41
42 152
42 153
42 154
42 155
40 152
40 153
40 154
40 155
43 152
43 153
43 154
43 155
41 152
41 153
41 154
41 155
42 181
42 182
42 180
42 183
40 181
40 182
40 180
40 183
43 181
43 182
43 180
43 183
41 181
41 182
41 180
41 183
181 42
181 40
181 43
181 41
182 42
182 40
182 43
182 41
180 42
180 40
180 43
180 41
183 42
183 40
183 43
183 41
14 192
14 193
14 194
14 195
15 192
15 193
15 194
15 195
192 14
192 15
192 44
192 45
192 46
192 47
192 12
192 13
44 192
44 193
44 194
44 195
45 192
45 193
45 194
45 195
46 192
46 193
46 194
46 195
47 192
47 193
47 194
47 195
193 14
193 15
193 44
193 45
193 46
193 47
193 12
193 13
194 14
194 15
194 44
194 45
194 46
194 47
194 12
194 13
195 14
195 15
195 44
195 45
195 46
195 47
195 12
195 13
12 192
12 193
12 194
12 195
13 192
13 193
13 194
13 195
14 148
14 149
14 150
14 151
14 181
14 182
14 180
14 183
15 148
15 149
15 150
15 151
15 181
15 182
15 180
15 183
199 1
199 2
199 3
199 0
198 1
198 2
198 3
198 0
197 1
197 2
197 3
197 0
196 1
196 2
196 3
196 0
12 148
12 149
12 150
12 151
12 181
12 182
12 180
12 183
13 148
13 149
13 150
13 151
13 181
13 182
13 180
13 183
1 199
1 198
1 197
1 196
2 199
2 198
2 197
2 196
3 199
3 198
3 197
3 196
148 14
148 15
148 12
148 13
149 14
149 15
149 12
149 13
150 14
150 15
150 12
150 13
151 14
151 15
151 12
151 13
0 199
0 198
0 197
0 196
181 14
181 15
181 12
181 13
182 14
182 15
182 12
182 13
180 14
180 15
180 12
180 13
183 14
183 15
183 12
183 13
1 148
1 149
1 150
1 151
2 148
2 149
2 150
2 151
3 148
3 149
3 150
3 151
148 1
148 2
148 3
148 0
149 1
149 2
149 3
149 0
150 1
150 2
150 3
150 0
151 1
151 2
151 3
151 0
0 148
0 149
0 150
0 151
208 92
208 94
208 93
208 95
210 92
210 94
210 93
210 95
209 92
209 94
209 93
209 95
211 92
211 94
211 93
211 95
162 92
162 94
162 93
162 95
160 92
160 94
160 93
160 95
161 92
161 94
161 93
161 95
163 92
163 94
163 93
163 95
92 208
92 210
92 209
92 211
92 162
92 160
92 161
92 163
94 208
94 210
94 209
94 211
94 162
94 160
94 161
94 163
93 208
93 210
93 209
93 211
93 162
93 160
93 161
93 163
95 208
95 210
95 209
95 211
95 162
95 160
95 161
95 163
97 237
97 236
97 239
97 238
98 237
98 236
98 239
98 238
99 237
99 236
99 239
99 238
96 237
96 236
96 239
96 238
237 97
237 98
237 99
237 96
236 97
236 98
236 99
236 96
239 97
239 98
239 99
239 96
238 97
238 98
238 99
238 96
237 85
237 86
237 84
237 87
237 67
237 66
237 65
237 64
236 85
236 86
236 84
236 87
236 67
236 66
236 65
236 64
82 169
82 168
82 171
82 170
239 85
239 86
239 84
239 87
239 67
239 66
239 65
239 64
81 169
81 168
81 171
81 170
80 169
80 168
80 171
80 170
83 169
83 168
83 171
83 170
238 85
238 86
238 84
238 87
238 67
238 66
238 65
238 64
85 237
85 236
85 239
85 238
86 237
86 236
86 239
86 238
84 237
84 236
84 239
84 238
87 237
87 236
87 239
87 238
169 82
169 81
169 80
169 83
168 82
168 81
168 80
168 83
171 82
171 81
171 80
171 83
170 82
170 81
170 80
170 83
67 237
67 236
67 239
67 238
66 237
66 236
66 239
66 238
65 237
65 236
65 239
65 238
64 237
64 236
64 239
64 238
169 116
169 117
169 118
169 119
168 116
168 117
168 118
168 119
171 116
171 117
171 118
171 119
170 116
170 117
170 118
170 119
116 169
116 168
116 171
116 170
117 169
117 168
117 171
117 170
118 169
118 168
118 171
118 170
119 169
119 168
119 171
119 170
82 227
82 224
82 226
82 225
81 227
81 224
81 226
81 225
80 227
80 224
80 226
80 225
83 227
83 224
83 226
83 225
169 70
169 71
169 69
169 68
168 70
168 71
168 69
168 68
171 70
171 71
171 69
171 68
170 70
170 71
170 69
170 68
227 82
227 81
227 80
227 83
224 82
224 81
224 80
224 83
226 82
226 81
226 80
226 83
225 82
225 81
225 80
225 83
70 169
70 168
70 171
70 170
71 169
71 168
71 171
71 170
69 169
69 168
69 171
69 170
68 169
68 168
68 171
68 170
185 173
185 174
185 175
185 172
186 173
186 174
186 175
186 172
187 173
187 174
187 175
187 172
184 173
184 174
184 175
184 172
70 173
70 174
70 175
70 172
71 173
71 174
71 175
71 172
173 185
173 186
173 187
173 184
173 70
173 71
173 69
173 68
174 185
174 186
174 187
174 184
174 70
174 71
174 69
174 68
175 185
175 186
175 187
175 184
175 70
175 71
175 69
175 68
172 185
172 186
172 187
172 184
172 70
172 71
172 69
172 68
69 173
69 174
69 175
69 172
68 173
68 174
68 175
68 172
227 88
227 89
227 90
227 91
224 88
224 89
224 90
224 91
70 247
70 246
70 245
70 244
226 88
226 89
226 90
226 91
71 247
71 246
71 245
71 244
225 88
225 89
225 90
225 91
69 247
69 246
69 245
69 244
68 247
68 246
68 245
68 244
88 227
88 224
88 226
88 225
89 227
89 224
89 226
89 225
90 227
90 224
90 226
90 225
91 227
91 224
91 226
91 225
247 70
247 71
247 69
247 68
246 70
246 71
246 69
246 68
245 70
245 71
245 69
245 68
244 70
244 71
244 69
244 68
247 108
247 109
247 110
247 111
247 100
247 101
247 102
247 103
246 108
246 109
246 110
246 111
246 100
246 101
246 102
246 103
245 108
245 109
245 110
245 111
245 100
245 101
245 102
245 103
244 108
244 109
244 110
244 111
244 100
244 101
244 102
244 103
108 247
108 246
108 245
108 244
109 247
109 246
109 245
109 244
110 247
110 246
110 245
110 244
111 247
111 246
111 245
111 244
100 247
100 246
100 245
100 244
101 247
101 246
101 245
101 244
102 247
102 246
102 245
102 244
103 247
103 246
103 245
103 244
