               -805.2608044594
          0.002814667      -0.000070053       0.000018870
         -0.000070052       0.002828002       0.000067833
          0.000018870       0.000067832       0.002761521
          64
  1     5      -0.000259633       0.018134891       0.014973946  B
  1     5       0.025997429      -0.038587222       0.047561889  B
  1     5       0.016735071      -0.025988354       0.008866920  B
  1     5       0.035949644       0.030689128      -0.034361162  B
  1     5      -0.002502993       0.004767974       0.025362208  B
  1     5       0.032552070      -0.001851423       0.012013134  B
  1     5       0.045045340      -0.003830081      -0.019871585  B
  1     5      -0.026363896       0.019515540       0.004926390  B
  1     5       0.001010045      -0.001444054      -0.024103648  B
  1     5       0.002966378       0.013909732       0.027223487  B
  1     5       0.015255020      -0.014286852      -0.032449168  B
  1     5       0.005360079      -0.072027563       0.008671142  B
  1     5       0.001124413       0.015439350      -0.000439698  B
  1     5       0.034644454       0.025842844      -0.020999398  B
  1     5       0.037268735      -0.035271315       0.004603911  B
  1     5      -0.044592597      -0.027539751       0.025885575  B
  1     5       0.013757656       0.021014548      -0.009353241  B
  1     5      -0.003468000      -0.023396206      -0.001025501  B
  1     5       0.031034529      -0.001456655       0.015233002  B
  1     5       0.053919711      -0.021792011      -0.025839513  B
  1     5       0.002657690       0.004917138      -0.042076325  B
  2     7      -0.039271282       0.030867045      -0.065738110  N
  2     7       0.079280263      -0.067173715       0.073159638  N
  2     7      -0.025770062       0.028921767       0.024002841  N
  2     7      -0.012672678      -0.028222943      -0.057421439  N
  2     7      -0.092031363       0.074576184       0.010483328  N
  2     7      -0.048618312       0.025202455       0.019034048  N
  2     7       0.013498304       0.036133425      -0.096771466  N
  2     7       0.037410887      -0.055175077      -0.008260920  N
  2     7       0.022486755       0.033447527       0.015205692  N
  2     7       0.020301826       0.039444159      -0.036013493  N
  2     7       0.017157871      -0.030643838       0.043020105  N
  2     7       0.001830456       0.018983205       0.003802471  N
  2     7      -0.065760509       0.051214605      -0.091206837  N
  2     7       0.015935974       0.028639011      -0.003707760  N
  2     7      -0.037752947       0.009443687       0.056751175  N
  2     7      -0.010584615      -0.003756271       0.006588121  N
  2     7      -0.010018346       0.075206527      -0.000514792  N
  2     7       0.055352848      -0.022621028      -0.084350890  N
  2     7      -0.054583743      -0.016214111       0.081686978  N
  2     7      -0.011069678       0.017391735       0.009638713  N
  2     7      -0.007517222      -0.026291145      -0.047631353  N
  3     6       0.003654713      -0.036403509      -0.016208225  C
  3     6      -0.014123145       0.018687838      -0.057906366  C
  3     6       0.031287014       0.013794612       0.046155549  C
  3     6       0.020131296      -0.013111537       0.009711082  C
  3     6       0.046144144      -0.067576821       0.030772366  C
  3     6      -0.042279451       0.000016144      -0.051981206  C
  3     6      -0.024649276       0.018545778       0.034917948  C
  3     6       0.001607404      -0.014201812      -0.020809745  C
  3     6       0.010451836      -0.020432382       0.056693613  C
  3     6       0.069006443      -0.021450830       0.024564643  C
  3     6      -0.040520756       0.008087559      -0.007567283  C
  3     6      -0.061776307      -0.018367835       0.031727757  C
  3     6      -0.017560353      -0.010372116      -0.038880524  C
  3     6       0.016722686      -0.060575199       0.027220739  C
  3     6       0.016468131       0.046310586      -0.027960596  C
  3     6       0.003261822       0.018209091      -0.026196986  C
  3     6      -0.022542879       0.008023562       0.023157763  C
  3     6      -0.064307472      -0.006589074       0.023972366  C
  3     6      -0.012039984       0.065815808       0.044783951  C
  3     6      -0.017464395      -0.015821968       0.009004903  C
  3     6       0.016294765      -0.075403098       0.023630152  C
  3     6      -0.043362695       0.056635240       0.024664076  C
