               -817.0795307908
          0.000554266      -0.000162953       0.000100565
         -0.000162954       0.001382130      -0.000405782
          0.000100563      -0.000405778       0.000879386
          64
  1     5      -0.010777494       0.001429315      -0.030899645  B
  1     5      -0.038801897       0.007791918       0.009879634  B
  1     5      -0.007767629       0.070527150       0.009031646  B
  1     5      -0.091083479      -0.073488132      -0.007320523  B
  1     5       0.001562280      -0.075587727      -0.006059026  B
  1     5      -0.065118382      -0.055553438       0.010943254  B
  1     5      -0.016541318       0.047114025      -0.019273025  B
  1     5      -0.063344478       0.042378979       0.076916860  B
  1     5       0.046943125       0.046718290       0.100370823  B
  1     5      -0.001065222      -0.039587434       0.116704283  B
  1     5      -0.019134821       0.007264377      -0.075018020  B
  1     5       0.092716617       0.043651745      -0.089744454  B
  1     5      -0.031606138       0.046308069      -0.116222081  B
  1     5      -0.129279924      -0.082720687       0.022979000  B
  1     5       0.029677408      -0.052347551       0.054652325  B
  1     5       0.077314001       0.006703750       0.013398499  B
  1     5      -0.057351670      -0.014484815       0.069032203  B
  1     5      -0.019117336      -0.046613194       0.022043742  B
  1     5       0.034747153      -0.007890120      -0.041074477  B
  1     5       0.033053887       0.029290205      -0.010948595  B
  2     7      -0.227051870      -0.065202201      -0.085872449  N
  2     7      -0.027772378       0.003160482       0.109037563  N
  2     7      -0.094683148       0.068256384      -0.078075657  N
  2     7      -0.004199193       0.088729550       0.076885311  N
  2     7       0.057783884      -0.109080130       0.069453119  N
  2     7       0.012676511      -0.118705885       0.072877796  N
  2     7      -0.140500248      -0.191044124      -0.028294071  N
  2     7       0.120319322      -0.144957320       0.026983496  N
  2     7       0.112400570       0.124827189       0.030820074  N
  2     7       0.027915795       0.056378917      -0.084911233  N
  2     7      -0.055978539       0.008279229       0.023634208  N
  2     7       0.092555009       0.071825373       0.000395041  N
  2     7       0.057952676       0.058478126       0.102299389  N
  2     7       0.081064645      -0.033806244      -0.102305028  N
  2     7      -0.006632289      -0.064243159      -0.063128571  N
  2     7      -0.020447229       0.087826520      -0.109694885  N
  2     7      -0.057676992      -0.100518018       0.077663823  N
  2     7       0.055187470      -0.012017189       0.000153866  N
  2     7      -0.105275865       0.067111872       0.122988625  N
  2     7       0.043236273       0.018870514       0.007868578  N
  2     7       0.068735247       0.087073045       0.108282945  N
  3     6      -0.035298524       0.157373003       0.005668088  C
  3     6       0.091211569       0.073402308      -0.040749466  C
  3     6       0.014840249       0.030837965       0.032407114  C
  3     6      -0.031359388       0.105805868      -0.043679466  C
  3     6       0.173124755       0.079018689       0.050490330  C
  3     6       0.022010603       0.014313215       0.112600162  C
  3     6       0.077599566      -0.014066031       0.060837361  C
  3     6       0.036918679      -0.019253696      -0.121127438  C
  3     6       0.009025123      -0.108942661      -0.077955584  C
  3     6      -0.084507919       0.032561777      -0.093116519  C
  3     6       0.035307396      -0.048266896      -0.012573935  C
  3     6       0.026832162       0.030484397      -0.086829127  C
  3     6       0.033894270       0.030715244       0.018012613  C
  3     6      -0.028187960      -0.065431119      -0.035476930  C
  3     6      -0.073911379      -0.086317055       0.066218327  C
  3     6       0.083193307      -0.051767374       0.005134588  C
  3     6      -0.019763314       0.034179049       0.022771622  C
  3     6       0.089488783      -0.037191118      -0.046611342  C
  3     6      -0.082045093       0.039903495      -0.096550693  C
  3     6      -0.013968607       0.039550915      -0.026538388  C
  3     6       0.051598164       0.029115553      -0.013092467  C
  3     6      -0.015780064      -0.095395784      -0.079991464  C
  3     6      -0.114833412       0.027260719       0.013702030  C
