65
#   CELL_PARAMETERS   19.00922437   -9.50461219    0.00000000    0.00000000   16.46247119    0.00000000    0.00000000    0.00000000   58.50592080
   B       0.92482925722875E-01     0.27081721548362E+01     0.16669378532027E+02
   B      -0.22854505748725E+01     0.68213471824648E+01     0.16653814078088E+02
   B      -0.46632440351040E+01     0.10941127056224E+02     0.16631598894410E+02
   B      -0.70375508959552E+01     0.15053472526631E+02     0.16652577635817E+02
   B       0.48410957283312E+01     0.27061029197783E+01     0.16651271313308E+02
   B       0.24704263402629E+01     0.68244957830504E+01     0.16655979247509E+02
   B       0.87966638676165E-01     0.10936357233967E+02     0.16645117029859E+02
   B      -0.22857402449075E+01     0.15052534345256E+02     0.16634627054880E+02
   B       0.95973267357493E+01     0.27097403095092E+01     0.16652202077677E+02
   B       0.72208919392038E+01     0.68207923260318E+01     0.16655552865143E+02
   B       0.48417839840131E+01     0.10942940756352E+02     0.16666355501906E+02
   B       0.24681948103218E+01     0.15052488083765E+02     0.16662079646254E+02
   B       0.14351608938606E+02     0.27150300697580E+01     0.16667978057094E+02
   B       0.11973868933740E+02     0.68253316147418E+01     0.16650433602534E+02
   B       0.95984981989415E+01     0.10939021806931E+02     0.16656750486579E+02
   B       0.72195338538681E+01     0.15053870925804E+02     0.16679818913304E+02
   B       0.28814980620095E+00    -0.14147889622400E+00     0.84884208268360E+01
   B      -0.24348624317917E+01     0.38931540152252E+01     0.82264140616015E+01
   B      -0.47904981834990E+01     0.81619180535076E+01     0.88611461204851E+01
   B      -0.69696347337713E+01     0.12412433252941E+02     0.92477899281322E+01
   B       0.47983914074462E+01     0.20007207361800E+00     0.94879393976770E+01
   B       0.23457830868348E+01     0.42025147659231E+01     0.85746616992864E+01
   B      -0.14881308708586E+00     0.81663785328295E+01     0.86574464710655E+01
   B      -0.24772708556657E+01     0.12359685746849E+02     0.94815561034148E+01
   B       0.92717393998602E+01     0.14223214066328E+00     0.89459535218146E+01
   B       0.70717053986636E+01     0.43832041807354E+01     0.86145385098741E+01
   B       0.46534720095865E+01     0.85410668088310E+01     0.79972127825846E+01
   B       0.18720691663204E+01     0.12384456977452E+02     0.83545223226173E+01
   B       0.13811205878288E+02    -0.39365079670483E+00     0.77494131859042E+01
   B       0.11841358183400E+02     0.40644645248185E+01     0.82875211130696E+01
   B       0.95002871139346E+01     0.84749541814204E+01     0.83059546807426E+01
   B       0.82487349501541E+01     0.13569475975968E+02     0.78113593929360E+01
   N       0.35863805343695E-01     0.26425140300655E+01     0.83506217414342E+01
   N      -0.24701648173932E+01     0.66820674465324E+01     0.86333403926805E+01
   N      -0.47632760241367E+01     0.10889475867507E+02     0.95028622409147E+01
   N      -0.69619874855116E+01     0.15204946452901E+02     0.94961889430178E+01
   N       0.47513392105366E+01     0.29422545617440E+01     0.89836498453342E+01
   N       0.23140165730441E+01     0.69889362293329E+01     0.83146706834901E+01
   N      -0.24908456955658E+00     0.10903658049762E+02     0.89998248068235E+01
   N      -0.24434417134457E+01     0.15173953080599E+02     0.95928241430104E+01
   N       0.93890626443852E+01     0.28839171942853E+01     0.86303569603250E+01
   N       0.70616817437034E+01     0.71686420740815E+01     0.81671098824129E+01
   N       0.42054742912230E+01     0.11318409952518E+02     0.75676840903646E+01
   N       0.19094616868837E+01     0.15110182086146E+02     0.84124477165889E+01
   N       0.14184475063588E+02     0.24670013403378E+01     0.79467270424027E+01
   N       0.11821476685959E+02     0.68924143439435E+01     0.84297577967808E+01
   N       0.97126513692266E+01     0.11280177144158E+02     0.84042758733585E+01
   N       0.57401305173306E+01     0.13637107875616E+02     0.71594598136990E+01
   N       0.95417274106633E-01    -0.33933844743959E-01     0.16678931620326E+02
   N      -0.22853488149391E+01     0.40795053509783E+01     0.16675719792897E+02
   N      -0.46590988300046E+01     0.81948358070773E+01     0.16643899881225E+02
   N      -0.70330131236016E+01     0.12308522379623E+02     0.16645772979972E+02
   N       0.48454830535820E+01    -0.35545587542614E-01     0.16643318137827E+02
   N       0.24632823755670E+01     0.40800522488349E+01     0.16661264824314E+02
   N       0.88624671328259E-01     0.81929534556212E+01     0.16653883997734E+02
   N      -0.22846480907063E+01     0.12306947991554E+02     0.16629605207325E+02
   N       0.95998394772367E+01    -0.32967796401156E-01     0.16651381216880E+02
   N       0.72186547650130E+01     0.40807786345971E+01     0.16650816773659E+02
   N       0.48435046650114E+01     0.81961710399059E+01     0.16664228645664E+02
   N       0.24666288831003E+01     0.12308691752375E+02     0.16661770160133E+02
   N       0.14348186887031E+02    -0.33471370738315E-01     0.16682197943612E+02
   N       0.11971400090785E+02     0.40795709229902E+01     0.16657028532716E+02
   N       0.95963598158744E+01     0.81948173190981E+01     0.16657449333497E+02
   N       0.72215629214819E+01     0.12313991043343E+02     0.16674698703293E+02