               -106.8093463623
         -0.000566549       0.000002610      -0.000002241
          0.000002610       0.000071092      -0.000001960
         -0.000002241      -0.000001960       0.000599177
           8
  1     7       0.030654121       0.004854028      -0.093880603  N
  1     7      -0.026628044      -0.001380208      -0.124912383  N
  1     7       0.026986552       0.004321263       0.044226821  N
  1     7      -0.032909386      -0.003292957       0.037340724  N
  2     5      -0.027074429      -0.003923628       0.081875468  B
  2     5       0.032272173       0.002804960       0.104736088  B
  2     5      -0.030548987      -0.005024007      -0.032252471  B
  2     5       0.027326172       0.001649372      -0.017241052  B
