               -826.0960056580
          0.000900548      -0.000115074      -0.000154602
         -0.000115076       0.000746515       0.000055396
         -0.000154600       0.000055398       0.001306070
          64
  1     5      -0.023752587       0.122240770       0.065333399  B
  1     5      -0.056910396      -0.003910682      -0.008970176  B
  1     5      -0.028583018       0.086473285       0.061451404  B
  1     5      -0.188739041       0.046635481       0.029034499  B
  1     5      -0.039641280      -0.088560113      -0.077613416  B
  1     5       0.158516819      -0.053303042      -0.038799806  B
  1     5      -0.023557345       0.054296208       0.037211177  B
  1     5       0.054372422       0.048428070      -0.042924494  B
  1     5       0.034529790       0.025235685       0.109108541  B
  1     5      -0.003571316       0.032438029      -0.100004416  B
  1     5       0.053907760      -0.125720871      -0.037156993  B
  1     5      -0.059496583       0.032991853       0.001433497  B
  1     5       0.078939467       0.017913444      -0.026438223  B
  1     5       0.005317705       0.011820859       0.008040383  B
  1     5       0.137877434      -0.020252507       0.068760025  B
  1     5      -0.129393984       0.018152606      -0.105563056  B
  1     5      -0.006842700      -0.012194431      -0.024924836  B
  1     5       0.079326573       0.009856300       0.035901459  B
  1     5      -0.019560033       0.088402959      -0.011813347  B
  1     5       0.033180169      -0.003295270       0.019146892  B
  1     5       0.023938586       0.033509523      -0.118526498  B
  1     5      -0.044866862       0.029096630       0.001136655  B
  2     7       0.059174530      -0.021195250       0.018940915  N
  2     7      -0.140250161      -0.033746584       0.171067244  N
  2     7       0.016696257      -0.042063336      -0.030796470  N
  2     7      -0.072087269       0.145888298       0.060232243  N
  2     7      -0.005118385      -0.190476932      -0.035608142  N
  2     7      -0.123620985       0.105749045       0.096763785  N
  2     7       0.100233601      -0.014785436       0.033565254  N
  2     7       0.023863083       0.051587465      -0.020915258  N
  2     7      -0.128032873      -0.044893919       0.055101940  N
  2     7      -0.073863746       0.194924294       0.128293081  N
  2     7       0.082216406      -0.037900537      -0.027346863  N
  2     7       0.018268347       0.099133027       0.018404525  N
  2     7       0.130504904       0.007543179       0.029855823  N
  2     7       0.036982589       0.102378264       0.037800233  N
  2     7       0.077446014      -0.037013165      -0.090137492  N
  2     7      -0.078035145      -0.133949756      -0.075100840  N
  2     7       0.212094450      -0.014532878       0.086870085  N
  2     7      -0.097250214       0.010249424      -0.085325883  N
  2     7      -0.001797907       0.016756539       0.106852686  N
  2     7       0.173192425      -0.050353086      -0.011268145  N
  2     7       0.041630534      -0.091173153       0.077027547  N
  2     7       0.083796963       0.046506009      -0.001342722  N
  2     7       0.158590737      -0.114543326       0.011208831  N
  3     6       0.072326043       0.065305604      -0.059990162  C
  3     6      -0.014904031      -0.098423934       0.083811781  C
  3     6       0.067473467      -0.070910065      -0.055110912  C
  3     6      -0.120373971      -0.053530338      -0.003132865  C
  3     6       0.001911748      -0.128743510      -0.134708749  C
  3     6      -0.031104655      -0.013467953      -0.208495974  C
  3     6      -0.137023979       0.042323981       0.104437762  C
  3     6      -0.095014983      -0.090320085      -0.173407957  C
  3     6       0.074627695      -0.031585193      -0.019780882  C
  3     6      -0.086290557       0.108052138       0.128787608  C
  3     6       0.029472517      -0.145242968       0.027993652  C
  3     6       0.100881206       0.062757587      -0.024112077  C
  3     6      -0.017106998       0.123298970       0.005013093  C
  3     6       0.019629812       0.025176628       0.050783518  C
  3     6      -0.095582046       0.003988466       0.022600653  C
  3     6      -0.016785104       0.031914506      -0.002083062  C
  3     6      -0.119385021      -0.021478273      -0.128507523  C
  3     6       0.057557177      -0.066313639      -0.010799857  C
  3     6      -0.220090774      -0.047262482      -0.001241127  C
