               -106.3493486813
         -0.000878798       0.000025760       0.000001307
          0.000025760      -0.000312370      -0.000000522
          0.000001307      -0.000000522       0.000051238
           8
  1     5       0.011954243       0.039104725      -0.000028484  B
  2     7      -0.017622184      -0.042609303       0.000020952  N
  1     5       0.003719352       0.021407542       0.000056019  B
  2     7       0.002009319      -0.018296521      -0.000251493  N
  2     7      -0.024510844       0.012268211      -0.004251557  N
  1     5       0.014124605      -0.010278209       0.002726087  B
  2     7      -0.007317661      -0.002655053       0.002077890  N
  1     5       0.017839991       0.000963260      -0.000309075  B
