25
#   CELL_PARAMETERS    9.50461219   -4.75230609    0.00000000    0.00000000    8.23123560    0.00000000    0.00000000    0.00000000   58.50592080
   B       0.46446053670405E-02    -0.45977115054541E+00     0.95664992803126E+01
   B       0.51285018624211E-01     0.27626509989717E+01     0.16204100492874E+02
   B      -0.24285324855700E+01     0.44296937600728E+01     0.10204171101812E+02
   B      -0.23219348700080E+01     0.68708444193859E+01     0.15777080537628E+02
   B       0.47431081724161E+01     0.35040165538858E+00     0.10705034836796E+02
   B       0.47940364522273E+01     0.28202571678824E+01     0.15562328861196E+02
   B       0.22488281526324E+01     0.43806916162752E+01     0.97384446655849E+01
   B       0.24238033466776E+01     0.68671779003361E+01     0.15770994777351E+02
   B      -0.38542741888489E-01    -0.31406654453176E-01     0.21329861139001E+02
   B      -0.24257068110804E+01     0.40888278796630E+01     0.21427766309038E+02
   B       0.47085073462238E+01    -0.22182204049892E-01     0.21595399773426E+02
   B       0.23344591302196E+01     0.40844787641027E+01     0.21379503475733E+02
   B       0.40195894288261E-01     0.99090660333885E+00     0.66049605582469E+01
   N       0.17279760075400E+00     0.30070114457439E+01     0.82536014353760E+01
   N       0.51125269736437E-01     0.23980500930306E-01     0.16153786819170E+02
   N      -0.22571225716535E+01     0.70815429897329E+01     0.10492110458346E+02
   N      -0.23243946230024E+01     0.41393238299527E+01     0.16199033761989E+02
   N       0.47065910163361E+01     0.30990759350783E+01     0.11076946679724E+02
   N       0.48007257463095E+01     0.55842526752853E-02     0.14855608832644E+02
   N       0.21932576849957E+01     0.70556745538916E+01     0.10163236427358E+02
   N       0.24108860637521E+01     0.41350704093687E+01     0.16145028301052E+02
   N      -0.35916821130501E-01     0.27109465788513E+01     0.21010645348819E+02
   N      -0.24138643663564E+01     0.68306228431432E+01     0.21594376173032E+02
   N       0.47172787391304E+01     0.27159995710376E+01     0.21782099006505E+02
   N       0.23258750346214E+01     0.68339965668254E+01     0.21403271271411E+02