25
#   CELL_PARAMETERS    9.50461219   -4.75230609    0.00000000    0.00000000    8.23123560    0.00000000    0.00000000    0.00000000   58.50592080
   B       0.24739031841922E-01     0.10249992670399E+00     0.98125133194431E+01
   B      -0.22947412994328E+01     0.41635760764732E+01     0.98697125108726E+01
   B       0.47698832016510E+01     0.52587954104361E-01     0.97919550159486E+01
   B       0.23206914312853E+01     0.41476546500127E+01     0.10084561566565E+02
   B       0.57481459727715E-01     0.27638577483354E+01     0.16716812128228E+02
   B      -0.23431670145478E+01     0.68921383726224E+01     0.15607087714787E+02
   B       0.48102500821698E+01     0.27239801376717E+01     0.16229890872755E+02
   B       0.24441935972704E+01     0.68573349500866E+01     0.15903593385686E+02
   B      -0.65504304099452E-01    -0.75490159866955E-01     0.21483029565683E+02
   B      -0.24553968610161E+01     0.40425731165239E+01     0.21538658745503E+02
   B       0.46903859696151E+01    -0.74056890881713E-01     0.21511659634493E+02
   B       0.23175999931887E+01     0.40489914921127E+01     0.21770110875519E+02
   N      -0.15195744115881E-02     0.27960409955788E+01     0.11439903048503E+02
   N      -0.62500668279058E-01     0.27301585669075E+01     0.84395751560488E+01
   N      -0.23079853161309E+01     0.69721479272180E+01     0.98580494692871E+01
   N       0.47749838982853E+01     0.28088093880079E+01     0.99255153357903E+01
   N       0.23939685626732E+01     0.69513504008066E+01     0.99347947115878E+01
   N       0.47823452941904E-01     0.54687049358543E+01     0.15885050271837E+02
   N      -0.23210909934698E+01     0.95920328709505E+01     0.16495853298331E+02
   N       0.48009533155106E+01     0.55151570885236E+01     0.14864774350255E+02
   N       0.24099203843946E+01     0.96320308343633E+01     0.17214906752185E+02
   N      -0.47548543189020E-01     0.26793458684944E+01     0.21652063776570E+02
   N      -0.24474747240751E+01     0.67705372281299E+01     0.21057329864705E+02
   N       0.46791131297560E+01     0.26770135697553E+01     0.21883637396914E+02
   N       0.23183329964808E+01     0.67692911541026E+01     0.21747275648192E+02