25
#   CELL_PARAMETERS    9.50461219   -4.75230609    0.00000000    0.00000000    8.23123560    0.00000000    0.00000000    0.00000000   58.50592080
   B      -0.73568311340746E-01    -0.24709334138322E-01     0.10196904240491E+02
   B      -0.23630323479687E+01     0.41025889922599E+01     0.98031205891981E+01
   B       0.47694195528042E+01     0.78104782031365E-02     0.98299788609150E+01
   B       0.23907374464399E+01     0.41358280239838E+01     0.99822038725006E+01
   B      -0.92561160307504E-02     0.27897961975272E+01     0.16415125755680E+02
   B      -0.23723828366974E+01     0.68910757019089E+01     0.15956720213527E+02
   B       0.47509667087221E+01     0.27701772621701E+01     0.15905704923264E+02
   B       0.23408941763703E+01     0.69059550472355E+01     0.16289881197384E+02
   B       0.72451398595638E-02     0.54596307725176E+01     0.21570789423301E+02
   B      -0.23607526227392E+01     0.95639246706376E+01     0.21024027957846E+02
   B       0.47576846643554E+01     0.54390467738858E+01     0.21662625130284E+02
   B       0.23735763287333E+01     0.95707128169914E+01     0.21659829887658E+02
   N       0.23203589035438E+01     0.69007536250295E+01     0.11709754437914E+02
   N       0.27570986515228E-01     0.27550059064649E+01     0.10268658495743E+02
   N      -0.23417595139105E+01     0.68434024399017E+01     0.99672382982733E+01
   N       0.48073153853482E+01     0.27489643731045E+01     0.97213947326168E+01
   N       0.23509936210869E+01     0.68133479270916E+01     0.88015948112032E+01
   N      -0.30675677156089E-01     0.55159867375327E+01     0.16818760727789E+02
   N      -0.23858662461413E+01     0.96405399188964E+01     0.15980443177985E+02
   N       0.47423328032199E+01     0.55437035559678E+01     0.15257642650438E+02
   N       0.23482537336502E+01     0.96550865834868E+01     0.16654894518827E+02
   N      -0.67419628605066E-02     0.82157838301435E+01     0.21224915244139E+02
   N      -0.23405112835264E+01     0.12294025456369E+02     0.20945712424761E+02
   N       0.47690737827062E+01     0.81797062884335E+01     0.21056790835661E+02
   N       0.24028609018840E+01     0.12309367956789E+02     0.22804861660120E+02