25
#   CELL_PARAMETERS    9.50461219   -4.75230609    0.00000000    0.00000000    8.23123560    0.00000000    0.00000000    0.00000000   58.50592080
   B      -0.31642213294248E-01    -0.20347017658002E-02     0.91027918436929E+01
   B       0.26491250001326E+00     0.24032575901346E+01     0.15204190280649E+02
   B      -0.23590675165715E+01     0.40333343520526E+01     0.96565800064789E+01
   B      -0.22834095785558E+01     0.65174302930477E+01     0.13889552584262E+02
   B       0.47229070087156E+01    -0.34595145779441E-01     0.94908514428848E+01
   B       0.50688769948848E+01     0.23535294056938E+01     0.13777672147646E+02
   B       0.23311983589970E+01     0.40999277345595E+01     0.89866060514356E+01
   B       0.23547399434015E+01     0.72755278121147E+01     0.15149535071567E+02
   B      -0.11823677225345E+00     0.75438923781636E-01     0.23624871151953E+02
   B      -0.24024623774647E+01     0.41797349738399E+01     0.23057114415414E+02
   B       0.47080948215403E+01     0.33073295149937E-01     0.23277851024350E+02
   B       0.23592650566497E+01     0.41419874254474E+01     0.24089859340174E+02
   B       0.21432055371035E+01     0.58126774718244E+01     0.18108426594263E+02
   N      -0.10117434361230E-01     0.27267395072722E+01     0.85351014729308E+01
   N       0.27694925290737E+00    -0.20994772588163E+00     0.14829917492707E+02
   N      -0.24244110216513E+01     0.68429367991104E+01     0.10027606184400E+02
   N      -0.21258879677476E+01     0.37650896949830E+01     0.13607389174651E+02
   N       0.46781729932748E+01     0.27065313942380E+01     0.95570800915091E+01
   N       0.47831264999979E+01    -0.27051107447994E+00     0.13760425838796E+02
   N       0.23450286950642E+01     0.68385690805766E+01     0.88977469087704E+01
   N       0.20534940772026E+01     0.39449891929965E+01     0.16432627719499E+02
   N      -0.59370548121294E-01     0.28218999754335E+01     0.23923627119153E+02
   N      -0.23919407345364E+01     0.68803525825504E+01     0.22162139975569E+02
   N       0.46911485281239E+01     0.28297059470319E+01     0.23270440442746E+02
   N       0.23395663456818E+01     0.69217430913808E+01     0.24628232538199E+02