25
#   CELL_PARAMETERS    9.50461219   -4.75230609    0.00000000    0.00000000    8.23123560    0.00000000    0.00000000    0.00000000   58.50592080
   B       0.11807139370962E-01    -0.48766089831991E-02     0.86347538456886E+01
   B      -0.23575646796992E+01     0.41078257010599E+01     0.88157974926404E+01
   B       0.47607198940066E+01    -0.28309196300287E-01     0.88157013847617E+01
   B       0.23906354486748E+01     0.41054325222924E+01     0.89630606782792E+01
   B      -0.66191180346352E-01     0.27992702298939E+01     0.13826185881989E+02
   B      -0.24245739301094E+01     0.68982998316654E+01     0.13628701146567E+02
   B       0.47204757231081E+01     0.27682963251151E+01     0.14255768270644E+02
   B       0.22997979816625E+01     0.68811445234557E+01     0.13813389686025E+02
   B       0.49156016351676E-01    -0.21294891903586E-01     0.23998618449754E+02
   B      -0.23704213506623E+01     0.41136833852530E+01     0.24570263792474E+02
   B       0.47584627028289E+01     0.12467861218964E-01     0.24562556261501E+02
   B       0.25227661280548E+01     0.40285069608200E+01     0.24438493642510E+02
   B       0.23704783885606E+01     0.41588081418367E+01     0.20360131182176E+02
   N       0.61647635042401E-02     0.27084905989537E+01     0.88075259384429E+01
   N      -0.23789081415606E+01     0.68487246617376E+01     0.83407433125689E+01
   N       0.47603548038049E+01     0.27299889890082E+01     0.92131658952684E+01
   N       0.23995389807114E+01     0.68599440794937E+01     0.88091709578169E+01
   N      -0.51040498804755E-01     0.55173889734267E+01     0.12831323184180E+02
   N      -0.24257460701129E+01     0.96182326626477E+01     0.14095435979738E+02
   N       0.47072939851268E+01     0.55251890968480E+01     0.14051061662299E+02
   N       0.23341517445224E+01     0.96083433249111E+01     0.14718542777397E+02
   N       0.15649152001479E-01     0.27283440461876E+01     0.24212341480833E+02
   N      -0.23324538683469E+01     0.68314323329405E+01     0.23492113922063E+02
   N       0.47888388397656E+01     0.27288313698656E+01     0.25781099064619E+02
   N       0.24035680446198E+01     0.68690506348910E+01     0.24179964993031E+02