25
#   CELL_PARAMETERS    9.50461219   -4.75230609    0.00000000    0.00000000    8.23123560    0.00000000    0.00000000    0.00000000   58.50592080
   B      -0.10704065297968E-01     0.14694109341961E-01     0.93530430797445E+01
   B      -0.24027266326968E+01     0.40906375467724E+01     0.93571933113093E+01
   B       0.47412524796915E+01    -0.24615484887495E-01     0.91457245650172E+01
   B       0.23414931147793E+01     0.41209052433501E+01     0.92544877949422E+01
   B      -0.27879925459312E+00     0.27141490325381E+01     0.15089583126619E+02
   B      -0.27905521466869E+01     0.68522104999763E+01     0.13949822650840E+02
   B       0.44517857856245E+01     0.26071773146338E+01     0.13993711816245E+02
   B       0.28559696167676E+01     0.70889126860417E+01     0.14922914982357E+02
   B      -0.46061686198107E-02     0.54987643841388E+01     0.24085961312112E+02
   B      -0.23528410830721E+01     0.96301852481904E+01     0.23398121846844E+02
   B       0.47559065185631E+01     0.54780384162201E+01     0.23471478332149E+02
   B       0.24047696603580E+01     0.95982889892318E+01     0.23194784463457E+02
   B       0.15612852612961E+01     0.61878780907408E+01     0.17826430048579E+02
   N      -0.40653960021054E-01     0.27687594986130E+01     0.96074921953699E+01
   N      -0.23750621502485E+01     0.68369235715700E+01     0.94018095100461E+01
   N       0.47082935746712E+01     0.27071379545530E+01     0.90479878617982E+01
   N       0.23718653134296E+01     0.68745423798696E+01     0.90136874552074E+01
   N      -0.90846039552986E-01     0.50769302146084E+01     0.16359201543757E+02
   N      -0.26943134195685E+01     0.95803781943518E+01     0.13889780292569E+02
   N       0.45770014380206E+01     0.52781643511396E+01     0.13627222739512E+02
   N       0.21472694146956E+01     0.96962491087419E+01     0.14528458273691E+02
   N       0.38106812936662E-01     0.82192390526869E+01     0.23663218123442E+02
   N      -0.23545063529428E+01     0.12344032085231E+02     0.24391526177583E+02
   N       0.47730984755932E+01     0.82570663886160E+01     0.22182550539397E+02
   N       0.24085629715420E+01     0.12331752382309E+02     0.23874303233736E+02