25
#   CELL_PARAMETERS    9.50461219   -4.75230609    0.00000000    0.00000000    8.23123560    0.00000000    0.00000000    0.00000000   58.50592080
   B      -0.71724999769694E-02    -0.36479168747994E-02     0.93444609291106E+01
   B      -0.23957569424943E+01     0.41395240433217E+01     0.10091930163231E+02
   B       0.47459254941547E+01    -0.17983936841833E-01     0.99898510678381E+01
   B       0.23213228349501E+01     0.41236641802228E+01     0.98988292345229E+01
   B       0.35563758817445E-01     0.27229286323434E+01     0.15782537270855E+02
   B      -0.23901103097454E+01     0.68505362457964E+01     0.16737522104115E+02
   B       0.48357569677868E+01     0.27037800009250E+01     0.15582699367490E+02
   B       0.23711526551433E+01     0.67846663544000E+01     0.15757403278404E+02
   B      -0.27852789090552E-01     0.55734663284353E+01     0.22262505527353E+02
   B      -0.24023316655721E+01     0.97040697122917E+01     0.21823505069169E+02
   B       0.46811749818404E+01     0.55599155679437E+01     0.21742439108384E+02
   B       0.23487632978693E+01     0.96638930915532E+01     0.21424792105324E+02
   N      -0.79123894719885E-01     0.54269602779705E+01     0.17579571367391E+02
   N      -0.33702539456001E-01     0.27435798366988E+01     0.94626749175822E+01
   N      -0.24160061110910E+01     0.68604767405090E+01     0.96080936329853E+01
   N       0.47257022964014E+01     0.27564771011656E+01     0.10967461508826E+02
   N       0.23496672640353E+01     0.68595725246956E+01     0.92011513147670E+01
   N       0.32653432811161E+00     0.52436841015691E+01     0.14466915114321E+02
   N      -0.23156459791880E+01     0.95858607525339E+01     0.16267126486496E+02
   N       0.47442134629530E+01     0.54311361600441E+01     0.16222264868929E+02
   N       0.23948990111357E+01     0.95283357165379E+01     0.15548458507652E+02
   N      -0.11113798364241E-02     0.83191391066033E+01     0.22002028134087E+02
   N      -0.24052907495011E+01     0.12415520718953E+02     0.22812349601000E+02
   N       0.47075901901792E+01     0.83079463475751E+01     0.20762219340660E+02
   N       0.23627293861663E+01     0.12416165565754E+02     0.21807073898462E+02