25
#    CELL_PARAMETERS    9.50461219   -4.75230609    0.00000000    0.00000000    8.23123560    0.00000000    0.00000000    0.00000000   58.50592080
   B      -0.26792468422577E+00    -0.49231902019360E+00     0.10443428543873E+02
   B      -0.25899792818812E+01     0.37825697818457E+01     0.95654267097973E+01
   B       0.44118981163484E+01    -0.26463691657192E+00     0.10723637452225E+02
   B       0.29226790917343E+01     0.43805460319477E+01     0.97584256076408E+01
   B       0.44820844797767E-01     0.27869000584840E+01     0.15747892490458E+02
   B      -0.23396122546714E+01     0.68898783868099E+01     0.15950403799463E+02
   B       0.47881418856247E+01     0.27776236471580E+01     0.16112914685811E+02
   B       0.23985829589830E+01     0.68965479404153E+01     0.16061173081401E+02
   B       0.68007306318100E-02     0.55543058763509E+01     0.21171693159231E+02
   B      -0.23851642020763E+01     0.96810961338404E+01     0.21267554751983E+02
   B       0.47624688844286E+01     0.55577259095859E+01     0.21321546814413E+02
   B       0.23972335565727E+01     0.96786598312648E+01     0.21239998229823E+02
   B       0.15116132425956E+01     0.36637152979735E+01     0.68407391645804E+01
   N      -0.61540800346876E+00     0.27077034498654E+01     0.79339971814610E+01
   N      -0.26343157967780E+01     0.65163789736702E+01     0.11106052378929E+02
   N       0.46552736908470E+01     0.23662756106625E+01     0.10166160363894E+02
   N       0.20443443597238E+01     0.67536643660535E+01     0.10840242525697E+02
   N       0.44102383158144E-01     0.55232214968520E+01     0.15597812226551E+02
   N      -0.23386950657767E+01     0.96533574931788E+01     0.15730854966179E+02
   N       0.47804563483632E+01     0.55292668882253E+01     0.16688456355987E+02
   N       0.24327370213157E+01     0.96528029022020E+01     0.15885330507347E+02
   N       0.13368739568259E-01     0.83120512648332E+01     0.20772227873058E+02
   N      -0.23780754839680E+01     0.12411110191686E+02     0.21374410274290E+02
   N       0.47662415956998E+01     0.83047219913278E+01     0.21632205548255E+02
   N       0.23982871534877E+01     0.12411096337723E+02     0.21307876116178E+02