25
#   CELL_PARAMETERS    9.50461219   -4.75230609    0.00000000    0.00000000    8.23123560    0.00000000    0.00000000    0.00000000   58.50592080
   B      -0.38344263800826E-01    -0.16043085547080E+00     0.96172677293769E+01
   B       0.16125662731796E+00     0.27764665548062E+01     0.16043200851362E+02
   B      -0.25067731222575E+01     0.40570828086596E+01     0.98201456474997E+01
   B      -0.22307013952584E+01     0.68965187177558E+01     0.15745040166102E+02
   B       0.46894530533788E+01    -0.12888213173228E+00     0.10048185396782E+02
   B       0.49100740629433E+01     0.27765051175048E+01     0.15974032803318E+02
   B       0.24577376158372E+01     0.40781642659352E+01     0.94982385997500E+01
   B       0.25232245939680E+01     0.68860845999921E+01     0.15896288539328E+02
   B      -0.26274119420045E-01     0.66619182218766E-01     0.21501899264670E+02
   B      -0.24010847756197E+01     0.41816529530659E+01     0.21550894236335E+02
   B       0.47330548352624E+01     0.65284256080407E-01     0.21681030626002E+02
   B       0.23590038116704E+01     0.41774156166722E+01     0.21564595427971E+02
   N       0.17155756984735E+01     0.41129243527845E+01     0.67695979366982E+01
   N      -0.15442436252330E+00     0.26292044272895E+01     0.95076123457765E+01
   N       0.15801353410418E+00     0.46440457555759E-01     0.15541886124478E+02
   N      -0.22939638509673E+01     0.67913959156675E+01     0.93796159639279E+01
   N      -0.22122855548265E+01     0.41581976071297E+01     0.15955823028892E+02
   N       0.46645597389519E+01     0.25893100484100E+01     0.10455835613438E+02
   N       0.48905030142518E+01     0.21347887376755E-01     0.15555713736455E+02
   N       0.23582461238515E+01     0.68093317727245E+01     0.10141566154954E+02
   N       0.25397838259121E+01     0.41493444467555E+01     0.16598187492449E+02
   N      -0.26583659261801E-01     0.28059100723442E+01     0.21276364316345E+02
   N      -0.23969293235301E+01     0.69234497664357E+01     0.21478621859097E+02
   N       0.47382685517968E+01     0.28010517987960E+01     0.21908741589241E+02
   N       0.23589652493690E+01     0.69259122477398E+01     0.21682656053206E+02