25
#   CELL_PARAMETERS    9.50461219   -4.75230609    0.00000000    0.00000000    8.23123560    0.00000000    0.00000000    0.00000000   58.50592080
   B      -0.82080441540259E-01    -0.11067472603708E+00     0.95002989990418E+01
   B      -0.24402949751495E+01     0.41534813930270E+01     0.97083545019746E+01
   B       0.45925703588792E+01     0.10627773267171E+00     0.10369203595293E+02
   B       0.24480012550286E+01     0.42639595953773E+01     0.95829465994961E+01
   B       0.24863927892199E-01     0.27325926953419E+01     0.15949567082375E+02
   B      -0.23510973418044E+01     0.68431128443496E+01     0.16174606381286E+02
   B       0.47657665271620E+01     0.27316592781336E+01     0.16219354682616E+02
   B       0.23935809042122E+01     0.68345291535753E+01     0.15940006769244E+02
   B      -0.17746041058583E-02     0.51281451431427E-02     0.21191867398752E+02
   B      -0.23855358358932E+01     0.41124258693671E+01     0.21424712810303E+02
   B       0.47399562194609E+01    -0.66369860105948E-02     0.21481162150994E+02
   B       0.23860953405234E+01     0.41169707890411E+01     0.21421086119356E+02
   N      -0.21868394229650E+01     0.39730882918319E+01     0.70175926738355E+01
   N      -0.42104522353022E-01     0.27490540374227E+01     0.91311629098227E+01
   N      -0.24254413024264E+01     0.68963352889496E+01     0.10510760776359E+02
   N       0.47108307529210E+01     0.28000779106626E+01     0.10647276622764E+02
   N       0.23482428702566E+01     0.69090057585138E+01     0.89423716754803E+01
   N       0.35375116543242E-01     0.54705411092679E+01     0.15355137565744E+02
   N      -0.23467848310424E+01     0.95937172296111E+01     0.16577134627501E+02
   N       0.47732746176838E+01     0.54600899220567E+01     0.16573405600147E+02
   N       0.23951371754397E+01     0.95849541226031E+01     0.15729109730646E+02
   N      -0.81366200092659E-03     0.27508241189511E+01     0.21094963339791E+02
   N      -0.23753221740855E+01     0.68467441422534E+01     0.21198691480702E+02
   N       0.47478030862782E+01     0.27288082825466E+01     0.21993976027410E+02
   N       0.23713078967736E+01     0.68653731125816E+01     0.21280421923228E+02