                -95.7687289021
          0.000812148      -0.000001882       0.000001266
         -0.000001882       0.003677906       0.000002146
          0.000001266       0.000002146       0.000026846
           8
  1     6       0.008857818       0.098304401      -0.000545856  C
  1     6       0.009953943      -0.096137871       0.002376507  C
  1     6       0.009384465       0.111704454       0.004297188  C
  1     6      -0.028194624      -0.113864920      -0.007325565  C
  1     6       0.014414553       0.098290198      -0.000776547  C
  1     6       0.001344923      -0.097149294      -0.003446657  C
  1     6      -0.032904467       0.081728817      -0.002094011  C
  1     6       0.017158996      -0.082863205       0.007514838  C
