               -845.2301226549
          0.002077552       0.000221155      -0.000014766
          0.000221155       0.002190922       0.000011008
         -0.000014767       0.000011007       0.001859875
          64
  1     5       0.136483974      -0.034133007      -0.098744317  B
  1     5      -0.083117101      -0.239623102       0.015775726  B
  1     5       0.108063344      -0.107269170      -0.085023123  B
  1     5      -0.097929174       0.001959431       0.173201901  B
  1     5      -0.075689528       0.043838890       0.048224877  B
  1     5       0.155961443      -0.098539835      -0.028714221  B
  1     5       0.055678740      -0.119080033      -0.162591009  B
  1     5       0.006866549      -0.133542104       0.015102193  B
  1     5      -0.049199265       0.098970113      -0.036992118  B
  1     5       0.013806460       0.076277574       0.040691690  B
  1     5       0.179788206      -0.043643709      -0.105565007  B
  1     5       0.008685792      -0.142049110       0.106424238  B
  1     5       0.076284298      -0.113134853       0.036766521  B
  1     5      -0.046867525      -0.279127284      -0.023691281  B
  1     5      -0.163719364      -0.119310951       0.021983545  B
  1     5       0.020775686       0.100856835       0.074062560  B
  1     5      -0.030496895       0.013622021       0.013679958  B
  1     5      -0.180815819      -0.125504345       0.043284243  B
  1     5      -0.104328208      -0.050508927      -0.114151142  B
  1     5      -0.031824968       0.194444534       0.076447341  B
  1     5       0.054578106       0.080969130       0.071373432  B
  1     5       0.135105464      -0.044917696      -0.205386096  B
  1     5      -0.016620973       0.080445207       0.081071981  B
  1     5      -0.009518588       0.077054737      -0.074545645  B
  1     5      -0.044728415       0.019336324      -0.068688249  B
  1     5      -0.030828378      -0.067776197       0.124139438  B
  1     5       0.062059601       0.056328999      -0.013110492  B
  1     5      -0.100659528       0.080889363      -0.116776748  B
  1     5       0.069529906      -0.016172680      -0.019420045  B
  1     5       0.120891497       0.121608417       0.096590116  B
  1     5       0.052309635       0.000138304      -0.011016449  B
  1     5       0.032997957       0.049004797      -0.114908535  B
  2     7      -0.132759112       0.205418920       0.056512018  N
  2     7       0.151257365       0.008420692       0.029153460  N
  2     7      -0.043847164      -0.039292282      -0.029516321  N
  2     7      -0.022526067       0.141928405      -0.111561105  N
  2     7      -0.040757617      -0.160741868      -0.166540666  N
  2     7       0.077165113       0.131034403      -0.051159102  N
  2     7       0.175384434      -0.141126589       0.104778688  N
  2     7      -0.123041527       0.034096638      -0.033542745  N
  2     7       0.001836425      -0.126421356      -0.001433322  N
  2     7       0.051469637       0.029810579       0.042527374  N
  2     7      -0.127142038       0.034600384       0.110774824  N
  2     7      -0.000137996       0.079694633       0.039684261  N
  2     7       0.048684901      -0.031091421      -0.111619338  N
  2     7      -0.081230102       0.121025730       0.049872927  N
  2     7      -0.054807997      -0.062091408       0.033224092  N
  2     7      -0.080782428       0.138804624       0.077747211  N
  2     7       0.035269707       0.019587335      -0.136531156  N
  2     7      -0.019478364       0.122257269      -0.085925718  N
  2     7      -0.167404927      -0.009740147       0.010407889  N
  2     7       0.016639645      -0.046455351       0.066720920  N
  2     7      -0.107380810       0.058486978      -0.007352738  N
  2     7       0.103559949      -0.050323917       0.067160726  N
  2     7      -0.083661607       0.041198202       0.056263842  N
  2     7      -0.141116045       0.011774041       0.140481052  N
  2     7      -0.001078018      -0.132164717      -0.163561640  N
  2     7       0.065632961       0.105963499      -0.029499980  N
  2     7       0.011733848      -0.034311196      -0.060076297  N
  2     7       0.118568909      -0.030926148      -0.055382435  N
  2     7       0.165393534       0.044417695       0.078293615  N
  2     7       0.084743835      -0.015762066      -0.030560404  N
  2     7      -0.087155692       0.100564730       0.198485514  N
  2     7      -0.016659584       0.089916603       0.152596399  N
