                -95.8860288543
          0.000282580      -0.000065357       0.000339746
         -0.000065355      -0.001901144       0.000060004
          0.000339744       0.000060007       0.002159022
           8
  1     6       0.017796394       0.168464509      -0.094318067  C
  1     6      -0.005995625      -0.060311743       0.017422669  C
  1     6       0.011767895       0.184515942       0.017686641  C
  1     6       0.006797723      -0.039712071      -0.081858447  C
  1     6      -0.003223872       0.047491811      -0.018964594  C
  1     6      -0.036933652      -0.177103605       0.096872803  C
  1     6       0.006106595       0.048019631       0.083814848  C
  1     6       0.003665268      -0.171321205      -0.020652021  C
