23
#CELL PARAMETERS:     9.50461219   -4.75230609    0.00000000     0.00000000    8.23123560    0.00000000    0.00000000    0.00000000   58.50592080
   B      -0.15282004709862E+00    -0.44838117656463E-01     0.10124439632867E+02
   B       0.79169843627817E-01     0.27378129273493E+01     0.15967375774303E+02
   B      -0.25041569699491E+01     0.41656587326301E+01     0.10173100247040E+02
   B      -0.22857917940065E+01     0.68508051830788E+01     0.15549810740007E+02
   B       0.46078297653450E+01    -0.86353184451010E-01     0.10261093418242E+02
   B       0.48385333771300E+01     0.27322223405657E+01     0.16037373192108E+02
   B       0.24723174898027E+01     0.68610808161619E+01     0.16040223613453E+02
   B       0.26208386478631E-01     0.58859082227933E-01     0.21628391768457E+02
   B      -0.23431930851559E+01     0.41570010079842E+01     0.21542692761678E+02
   B       0.47837492510886E+01     0.47182960562188E-01     0.21406426275276E+02
   B       0.24030341882446E+01     0.41662172740205E+01     0.21357562983184E+02
   N      -0.30790263117161E+00     0.26011573888154E+01     0.94822045449047E+01
   N       0.86375943443010E-01    -0.33887099685391E-02     0.15650964078963E+02
   N      -0.25224625663699E+01     0.68552240684618E+01     0.11148367877586E+02
   N      -0.22874593548391E+01     0.40964966275629E+01     0.15529005010470E+02
   N       0.48103009107710E+01     0.26087288459474E+01     0.93021386224482E+01
   N       0.48474368784286E+01    -0.69134319928099E-03     0.15630054018196E+02
   N       0.22459689910995E+01     0.69151350342964E+01     0.93115037556123E+01
   N       0.24462240569485E+01     0.41117291877065E+01     0.16765249738732E+02
   N       0.29387558991822E-01     0.27918389941105E+01     0.21848020662087E+02
   N      -0.23440474472022E+01     0.69060388425968E+01     0.21714940847684E+02
   N       0.48008899237276E+01     0.27837698016618E+01     0.21048709754026E+02
   N       0.24122485104232E+01     0.69152132872324E+01     0.21392298232640E+02