23
#   CELL_PARAMETERS    9.50461219   -4.75230609    0.00000000    0.00000000    8.23123560    0.00000000    0.00000000    0.00000000   58.50592080
   B      -0.43346957028422E-01     0.96097790827671E-01     0.10185088142759E+02
   B       0.78086365334278E-01     0.26351683430795E+01     0.15710948351405E+02
   B      -0.24019063301569E+01     0.41839675803476E+01     0.10252058138677E+02
   B      -0.22732696083519E+01     0.67633983892136E+01     0.15782897098148E+02
   B       0.47223400509208E+01     0.59235924202605E-01     0.10463816024793E+02
   B       0.48589957933197E+01     0.26462391695570E+01     0.15676825310773E+02
   B       0.23445474909199E+01     0.41820584618342E+01     0.98596565564076E+01
   B       0.24926411530064E+01     0.67941100180092E+01     0.15695631688864E+02
   B      -0.50669322871075E-01     0.39182974444336E-02     0.21295607535225E+02
   B      -0.24237938299162E+01     0.41176366255394E+01     0.21314972392415E+02
   B       0.46944279567929E+01     0.93243338416536E-02     0.21183464598072E+02
   B       0.23194447634029E+01     0.41231986157917E+01     0.21565465311435E+02
   N      -0.37474409398675E-01     0.28265198203710E+01     0.93408356833558E+01
   N       0.15343245320955E+00    -0.13181100487566E+00     0.15773168656185E+02
   N      -0.24076767729550E+01     0.69413899694420E+01     0.11067348504638E+02
   N      -0.22654337756442E+01     0.40957949039090E+01     0.15798704555567E+02
   N       0.47060619543998E+01     0.28119047400471E+01     0.10317076411884E+02
   N       0.48201090077583E+01    -0.11143738756842E+00     0.15760869605203E+02
   N       0.23191643422683E+01     0.69175813630867E+01     0.10070852832751E+02
   N      -0.46961256797885E-01     0.27596937708165E+01     0.21843113204484E+02
   N      -0.24275920078469E+01     0.68631213851882E+01     0.20692929585115E+02
   N       0.47002256596406E+01     0.27479943990931E+01     0.21450661575980E+02
   N       0.23142550053360E+01     0.68574675751921E+01     0.21366758864202E+02