23
#   CELL_PARAMETERS    9.50461219   -4.75230609    0.00000000    0.00000000    8.23123560    0.00000000    0.00000000    0.00000000   58.50592080
   B       0.59807325197961E-01    -0.19837266032453E-01     0.99366645649187E+01
   B       0.96529170006957E-01     0.26323764407757E+01     0.15866269839687E+02
   B      -0.23240405547701E+01     0.41011023891338E+01     0.10050188078994E+02
   B      -0.22772135723848E+01     0.67427985001619E+01     0.15454625747144E+02
   B       0.48166482598878E+01    -0.20572400476055E-01     0.10146962041559E+02
   B       0.48539255448648E+01     0.26458337468609E+01     0.15529532790961E+02
   B       0.24417156920584E+01     0.41043473391051E+01     0.10033265684473E+02
   B       0.24766809217101E+01     0.67476842306163E+01     0.15547277805739E+02
   B      -0.16307046100544E+00     0.27081465567489E+00     0.21373954293658E+02
   B      -0.26714967504948E+01     0.43166471237882E+01     0.21427381956172E+02
   B       0.21601792479821E+01     0.42068635088656E+01     0.21266352718859E+02
   N       0.66458600627290E-01     0.27280456699524E+01     0.98243665230652E+01
   N       0.10882365866548E+00    -0.10991756448629E+00     0.15738837326940E+02
   N      -0.23187458300355E+01     0.68436829719931E+01     0.99691623944275E+01
   N      -0.22791443159860E+01     0.40095014084505E+01     0.15710777813031E+02
   N       0.48177794201239E+01     0.27447284468724E+01     0.10362107915028E+02
   N       0.48423360202754E+01    -0.11582986006694E+00     0.14926261484583E+02
   N       0.24492634147804E+01     0.68449727183627E+01     0.99619749606543E+01
   N       0.24809814077228E+01     0.40066960262325E+01     0.16056881659808E+02
   N      -0.35569398910384E+00     0.29953214725185E+01     0.20438895794256E+02
   N      -0.27706480993508E+01     0.69870731754303E+01     0.22270144552713E+02
   N       0.44978188589735E+01     0.29725615045126E+01     0.21982220954161E+02
   N       0.27387546085506E+01     0.67000481745635E+01     0.22212455805739E+02