23
#    CELL_PARAMETERS    9.50461219   -4.75230609    0.00000000    0.00000000    8.23123560    0.00000000    0.00000000    0.00000000   58.50592080
   B      -0.19447967184899E+00     0.11834166056229E+00     0.10078499081813E+02
   B      -0.24870253151650E+01     0.40988601508787E+01     0.10098995167884E+02
   B       0.43208556067261E+01    -0.49994074921661E-01     0.10331487646187E+02
   B       0.84902030972645E-01     0.27313550678780E+01     0.16119521939360E+02
   B      -0.22928961212861E+01     0.68436974397147E+01     0.15738291728196E+02
   B       0.48290279076439E+01     0.27446707296172E+01     0.15991130216814E+02
   B       0.24633157547816E+01     0.68512878542661E+01     0.16057465107179E+02
   B       0.31436287732146E-01     0.54945478156291E+01     0.21451003958550E+02
   B      -0.23298071174949E+01     0.95853140351664E+01     0.21337481841274E+02
   B       0.48053239693184E+01     0.54915257284121E+01     0.21263790900119E+02
   B       0.24118312646416E+01     0.96028256767923E+01     0.21223955819793E+02
   N      -0.86515335245855E-01     0.28040632322148E+01     0.96113071345318E+01
   N      -0.26974282796707E+01     0.68857385461364E+01     0.10583173873474E+02
   N       0.50443034739703E+01     0.24542831494052E+01     0.99356413411487E+01
   N       0.21467257540837E+01     0.71289701045586E+01     0.97179786804171E+01
   N       0.88627517899583E-01     0.54786597907689E+01     0.15863348154768E+02
   N      -0.22909383655575E+01     0.95837761806859E+01     0.15711902451602E+02
   N       0.48358870412112E+01     0.54828332170763E+01     0.15507024397682E+02
   N       0.24518358993060E+01     0.95918260807871E+01     0.16818439969556E+02
   N       0.38379543790787E-01     0.82245773805236E+01     0.21668491178935E+02
   N      -0.23303532878526E+01     0.12340970033895E+02     0.21356213842254E+02
   N       0.48122056189861E+01     0.82165676784227E+01     0.20960361087628E+02
   N       0.24221969594488E+01     0.12353110536760E+02     0.21389721319590E+02