               -820.1695126823
          0.002246970      -0.000131424      -0.000157192
         -0.000131424       0.002303233      -0.000420214
         -0.000157193      -0.000420214       0.001892204
          64
  1     5       0.007728417       0.046271699       0.073982081  B
  1     5      -0.065615055       0.003094265      -0.027980811  B
  1     5      -0.041150574       0.043050071       0.006366930  B
  1     5       0.027585528       0.010333626       0.033149292  B
  1     5       0.028787191       0.014645007       0.008842121  B
  1     5       0.005572791       0.000297772       0.032633515  B
  1     5      -0.008494860       0.008786415       0.054578302  B
  1     5      -0.073813123       0.017107871      -0.020632393  B
  1     5      -0.041513544      -0.001904723       0.014533709  B
  1     5       0.039433742       0.005848875       0.012163633  B
  1     5       0.051922517      -0.028651556       0.060768203  B
  1     5      -0.034208551      -0.040704377      -0.013902221  B
  1     5       0.037625445      -0.045634957       0.023815926  B
  1     5       0.043227664      -0.019574171       0.068635136  B
  1     5       0.017850056       0.008930844      -0.037144257  B
  1     5       0.107562238      -0.002104982      -0.030206629  B
  1     5       0.038706454       0.004395199       0.012317538  B
  1     5       0.058000183       0.029810432       0.021394903  B
  1     5      -0.039005422      -0.039950483       0.024211017  B
  1     5      -0.023386248       0.041273243      -0.022216044  B
  1     5       0.079434021       0.054206156      -0.029682906  B
  1     5      -0.007975927       0.016263748      -0.001753809  B
  2     7       0.006154772       0.037010382      -0.168592168  N
  2     7       0.112727833      -0.132359100       0.110540314  N
  2     7       0.101276857       0.013659865       0.038706427  N
  2     7      -0.124123158      -0.031658337       0.006688227  N
  2     7       0.102966300       0.002899403       0.069359726  N
  2     7      -0.138332399      -0.042661475       0.026494587  N
  2     7      -0.048804872       0.006124468       0.002857765  N
  2     7      -0.075865599       0.038830230      -0.073188842  N
  2     7       0.014521325       0.043645065      -0.010477533  N
  2     7      -0.057235360      -0.083130378       0.051137443  N
  2     7       0.167388591       0.014950904       0.116783308  N
  2     7       0.013866276       0.027058602       0.028396066  N
  2     7       0.103907646      -0.047878395      -0.042510464  N
  2     7       0.120802702      -0.129536803      -0.058441868  N
  2     7      -0.072717479       0.011581680      -0.011152487  N
  2     7      -0.045131711       0.091826009       0.065749550  N
  2     7       0.085846190       0.040351484       0.034256680  N
  2     7      -0.073700729      -0.025243334      -0.158072034  N
  2     7      -0.036707207       0.004731184      -0.028498974  N
  2     7      -0.094605977      -0.016596302       0.120023664  N
  2     7      -0.013896488       0.028415747      -0.215187044  N
  2     7      -0.099536699      -0.007959556      -0.071760574  N
  2     7      -0.066110327       0.064432947       0.071024329  N
  3     6      -0.003897723       0.042476263       0.028820663  C
  3     6       0.027835665       0.040877149      -0.017606653  C
  3     6      -0.029027448      -0.020689900       0.006570757  C
  3     6      -0.012875488      -0.024156056       0.061513127  C
  3     6      -0.004313256       0.034722888       0.053485457  C
  3     6       0.036092592      -0.015810679       0.038077979  C
  3     6      -0.014606931       0.028316485      -0.025904101  C
  3     6      -0.017696655       0.041309457      -0.003196278  C
  3     6      -0.014131662      -0.027696344      -0.020110962  C
  3     6      -0.047607192      -0.014950519       0.001644222  C
  3     6      -0.015372176      -0.029232273      -0.075120070  C
  3     6      -0.012938806       0.008795143      -0.067509528  C
  3     6      -0.055071342      -0.004855455      -0.017978356  C
  3     6       0.055596274       0.022061358      -0.104728812  C
  3     6       0.000289182      -0.080678802      -0.059964708  C
  3     6      -0.051829612       0.000589597      -0.011420056  C
  3     6       0.048680467      -0.035994786      -0.001980091  C
  3     6      -0.059159228      -0.003396307       0.028694443  C
  3     6       0.079112873       0.003955786       0.018801259  C
