               -106.8133404788
          0.000344098       0.000000620      -0.000021667
          0.000000620       0.000069106      -0.000005853
         -0.000021667      -0.000005853       0.001161774
           8
  1     7       0.001613909       0.003910345      -0.073159282  N
  1     7      -0.019507163      -0.000130232      -0.067730341  N
  1     7       0.009313501       0.005964009       0.027039196  N
  1     7      -0.012934239       0.000982483       0.037650771  N
  2     5      -0.010631324      -0.010390250       0.069107126  B
  2     5       0.011690585      -0.002855884       0.077506315  B
  2     5      -0.000231035       0.000379543      -0.023028341  B
  2     5       0.020741416       0.002140816      -0.047421101  B
