               -825.2498494713
          0.002026436       0.000040523      -0.000065568
          0.000040523       0.001830395       0.000208172
         -0.000065568       0.000208170       0.002592830
          64
  1     5       0.041442440       0.130487718      -0.084315739  B
  1     5      -0.132962714      -0.040777327       0.017838660  B
  1     5       0.002344272      -0.130565710      -0.127914488  B
  1     5       0.139485022      -0.056113477      -0.081552065  B
  1     5       0.151889579      -0.192186913      -0.095398105  B
  1     5      -0.010380269       0.034836213      -0.069507291  B
  1     5       0.137033652       0.042873327      -0.110409806  B
  1     5      -0.046297760       0.119143271      -0.094959351  B
  1     5      -0.128559559       0.084880732       0.157126812  B
  1     5       0.186405142      -0.016528279      -0.000472969  B
  1     5       0.012216154       0.081554327       0.001613926  B
  1     5      -0.014780631      -0.094754895      -0.153609317  B
  1     5       0.014373498      -0.069375075      -0.011240475  B
  1     5      -0.056256756      -0.021067028       0.101438834  B
  1     5       0.012539077      -0.114530159      -0.095429672  B
  1     5      -0.035517713      -0.059950291      -0.048610647  B
  1     5       0.072604536      -0.095417774      -0.031066299  B
  1     5      -0.083508213       0.058022963      -0.051420198  B
  1     5       0.006589403       0.047195747       0.044735944  B
  1     5      -0.062155768       0.045291958      -0.035913247  B
  1     5      -0.114128907       0.003174450      -0.089704300  B
  1     5      -0.137764006       0.012110640      -0.080372245  B
  2     7      -0.005123898      -0.005389009       0.177719410  N
  2     7       0.096887287       0.141711961      -0.046458548  N
  2     7      -0.084426755      -0.067165808       0.154208698  N
  2     7       0.052450185       0.178549472       0.027735658  N
  2     7       0.061910501       0.002776353      -0.008210383  N
  2     7      -0.089329084      -0.002342934       0.224508986  N
  2     7       0.070887003       0.139315392       0.115657374  N
  2     7      -0.122229286       0.115127765       0.131126728  N
  2     7      -0.098310981      -0.046491843       0.176053204  N
  2     7       0.008033064      -0.062854241      -0.125342618  N
  2     7       0.112816729      -0.022447113       0.017112408  N
  2     7      -0.015914819      -0.147805545       0.187712930  N
  2     7      -0.005218525       0.160957355       0.077174571  N
  2     7      -0.071848085      -0.007544382       0.009745447  N
  2     7       0.027746323       0.089973509       0.027464427  N
  2     7       0.063985579       0.151426972       0.063933725  N
  2     7       0.131846484       0.132890921      -0.016667813  N
  2     7       0.083318184       0.141247420       0.120661654  N
  2     7       0.068839368       0.052745341       0.070662957  N
  2     7      -0.019400379      -0.159663571      -0.092507944  N
  2     7       0.114942830      -0.050736558      -0.017014885  N
  2     7      -0.038406467      -0.018618796      -0.009880560  N
  2     7      -0.157539569       0.135313676       0.021909133  N
  3     6       0.092729904       0.066685770       0.080044620  C
  3     6      -0.000533521      -0.152220477      -0.056774315  C
  3     6       0.009816295       0.085269184       0.045309847  C
  3     6      -0.038804163       0.075956507       0.130549365  C
  3     6       0.027193619       0.015308968       0.034956786  C
  3     6       0.122178796      -0.051693755      -0.131534543  C
  3     6       0.035740402      -0.010817797      -0.160337108  C
  3     6      -0.118834975       0.031400619       0.112550337  C
  3     6       0.209279305      -0.042664922      -0.146735168  C
  3     6       0.014519036      -0.082027690      -0.100678382  C
  3     6      -0.052008289      -0.175402203      -0.013306091  C
  3     6      -0.031465351       0.079438832       0.072989548  C
  3     6      -0.014122627      -0.002797491      -0.079832441  C
  3     6      -0.073513768      -0.098445085      -0.089213846  C
  3     6       0.112294090      -0.098958224       0.057733498  C
  3     6      -0.139402082      -0.047478093       0.000209478  C
  3     6      -0.079454494      -0.098185694      -0.125764667  C
  3     6      -0.126915148      -0.091153460      -0.025466886  C
  3     6      -0.089229913      -0.021520596       0.047147511  C
