               -834.0234914319
          0.001345932       0.000118826      -0.000083488
          0.000118825       0.002011053       0.000334127
         -0.000083487       0.000334126       0.001744079
          64
  1     5      -0.021265938       0.045246252      -0.125148640  B
  1     5       0.069938879       0.066001705      -0.072174774  B
  1     5       0.047629387      -0.081125211      -0.155305513  B
  1     5       0.074847858       0.025195191      -0.103900134  B
  1     5      -0.022779480      -0.003411905      -0.071445950  B
  1     5       0.054658858      -0.092578021      -0.031977094  B
  1     5       0.068412824       0.024253085       0.087403551  B
  1     5      -0.071990256       0.004772756       0.000854273  B
  1     5      -0.177741792      -0.095466423       0.140789722  B
  1     5      -0.032052555      -0.065387504       0.012562955  B
  1     5      -0.003265280      -0.111666475      -0.227022781  B
  1     5      -0.014260253       0.078529052       0.069763817  B
  1     5      -0.032588768      -0.114169488      -0.143111810  B
  1     5      -0.072028537       0.063092988      -0.028783859  B
  1     5       0.042945241      -0.006539094      -0.094598383  B
  1     5      -0.056498783      -0.062255067       0.061455331  B
  1     5      -0.102351800       0.108721201       0.008727344  B
  1     5       0.161819136       0.034417095       0.034209280  B
  1     5      -0.085690279       0.057856600       0.029928951  B
  1     5       0.091630339       0.032011877      -0.081393852  B
  1     5       0.006514698      -0.066894038      -0.115596378  B
  1     5       0.044185263       0.054943236      -0.044029350  B
  1     5       0.032136068       0.091246462       0.092704946  B
  1     5       0.038239482       0.097588649       0.041371162  B
  1     5       0.022336142      -0.021050652       0.014473946  B
  1     5      -0.008421970      -0.173407627       0.091989308  B
  1     5       0.008642218      -0.026082846      -0.042207100  B
  1     5      -0.081251493      -0.103756248       0.068156364  B
  2     7       0.003859374      -0.088342772       0.013982635  N
  2     7      -0.039764095       0.121524885      -0.056270645  N
  2     7      -0.007713500      -0.033676391       0.054773246  N
  2     7      -0.086591402       0.111063519       0.043910870  N
  2     7      -0.048191533       0.047015956       0.130794215  N
  2     7       0.164027166      -0.147809148       0.045996721  N
  2     7       0.046647741      -0.031502467       0.005513730  N
  2     7       0.121355294       0.164614895       0.022610781  N
  2     7      -0.046793799       0.081907542       0.047332957  N
  2     7       0.086137843      -0.067660661      -0.015700318  N
  2     7       0.052772203       0.075762887       0.113304993  N
  2     7      -0.011614673       0.039487152       0.110262799  N
  2     7       0.011302046       0.021355779       0.002800031  N
  2     7      -0.134891029      -0.041664996       0.001703812  N
  2     7       0.075475097      -0.053373777      -0.081766781  N
  2     7      -0.045253767      -0.061531258       0.003938554  N
  2     7      -0.013200315      -0.078434389      -0.073697082  N
  2     7       0.085363710       0.110171697      -0.114919623  N
  2     7      -0.002244563       0.026088136      -0.043948719  N
  2     7      -0.126784248      -0.029250192      -0.024025433  N
  2     7      -0.020679169       0.004387549       0.195408743  N
  2     7      -0.013794040       0.136308237      -0.202577243  N
  2     7       0.066322962       0.127842314       0.175593786  N
  2     7      -0.070870332       0.009139371       0.087971187  N
  2     7       0.063784289       0.059597855       0.023697365  N
  2     7       0.111645918       0.122316827       0.126320710  N
  2     7       0.004224254       0.064813367      -0.085572759  N
  2     7      -0.083483398      -0.104433518       0.122539263  N
  3     6       0.028889298       0.074029087      -0.031108509  C
  3     6      -0.009566596      -0.011153252       0.043919851  C
  3     6      -0.039886684      -0.097908368      -0.013710571  C
  3     6       0.031218666      -0.249833757       0.091833515  C
  3     6      -0.004249548      -0.206401241      -0.097016041  C
  3     6      -0.018896487       0.032820470      -0.052803923  C
  3     6      -0.001223047       0.015820702      -0.125956918  C
  3     6      -0.109089010       0.096859918       0.137188797  C
