               -838.1252008912
          0.000233750       0.000048995       0.000175070
          0.000048993      -0.000885436       0.000095499
          0.000175072       0.000095496      -0.001527866
          64
  1     5      -0.021641833       0.087776849      -0.061633874  B
  1     5      -0.019498914       0.050841281       0.092206808  B
  1     5       0.074638284       0.098338220       0.020098336  B
  1     5       0.068168470       0.070809974      -0.011435834  B
  1     5      -0.077266586      -0.075966099       0.022728968  B
  1     5      -0.017899957      -0.005449635       0.019149223  B
  1     5      -0.048331202       0.030125454       0.043480924  B
  1     5       0.019499231      -0.039051459       0.079578671  B
  1     5      -0.039467760      -0.009056951       0.008423937  B
  1     5       0.030528690       0.061731315      -0.019700086  B
  1     5      -0.008854808       0.039602656      -0.089092407  B
  1     5       0.031093300      -0.033379510      -0.003822115  B
  1     5       0.061696949       0.116308296      -0.078057781  B
  1     5      -0.012075691      -0.033390802       0.085246616  B
  1     5      -0.052345791       0.019799102       0.043782036  B
  1     5       0.045346173      -0.003878707      -0.000241030  B
  1     5       0.094336275      -0.086468621       0.025044985  B
  1     5       0.019723912       0.062195643      -0.017873960  B
  1     5      -0.105100232      -0.010796586       0.073989910  B
  1     5      -0.002354508      -0.021643172       0.010374624  B
  1     5      -0.024717153       0.122399807      -0.087997773  B
  1     5      -0.005964755       0.034098464       0.023012967  B
  1     5      -0.052494864       0.002663162      -0.080938874  B
  1     5       0.013938409      -0.055667127      -0.029379820  B
  1     5       0.054776702      -0.014835779       0.092961533  B
  1     5       0.060433783      -0.019260947       0.052710598  B
  1     5      -0.050658997      -0.059516927      -0.069566957  B
  1     5      -0.030708422       0.005590295       0.054311365  B
  2     7       0.105731773      -0.007777752       0.104557752  N
  2     7       0.012554448       0.053641920      -0.031087629  N
  2     7       0.036087932       0.018608302       0.172633617  N
  2     7       0.033702971      -0.034072864       0.055881446  N
  2     7       0.062205567       0.126479904       0.050312532  N
  2     7       0.035816701      -0.168888293      -0.128211841  N
  2     7      -0.167428192      -0.180895614       0.091449595  N
  2     7       0.013829528      -0.169431009       0.050063498  N
  2     7       0.173663474       0.071140341      -0.020506868  N
  2     7      -0.132195885       0.083349779      -0.019089132  N
  2     7       0.032191550      -0.083403497      -0.145099720  N
  2     7       0.111558050      -0.037900837      -0.176388251  N
  2     7       0.170712345      -0.013292096       0.133738386  N
  2     7       0.012833765       0.012738481       0.047497611  N
  2     7       0.107043424      -0.071046115       0.079109044  N
  2     7      -0.088140180       0.027349347      -0.148348584  N
  2     7      -0.184293506       0.096829687      -0.030570008  N
  2     7      -0.155816466       0.021688086       0.049693083  N
  2     7       0.056924654       0.174712291      -0.083597609  N
  2     7      -0.095380684       0.045782042       0.040016210  N
  2     7       0.028943408       0.038995877      -0.167956885  N
  2     7      -0.013126478       0.030191189       0.158974722  N
  2     7       0.104963562      -0.109399098      -0.085321743  N
  2     7      -0.120260373       0.012354019      -0.098175095  N
  2     7      -0.109477264      -0.117031762       0.010086626  N
  2     7      -0.010490965       0.113830135       0.003275674  N
  2     7       0.002567934      -0.110872716       0.013526311  N
  2     7       0.112490388      -0.069533781      -0.171337159  N
  2     7      -0.070560262      -0.120913466      -0.040918477  N
  3     6       0.045291372      -0.004369519      -0.109087724  C
  3     6       0.013648289      -0.023657456       0.041480337  C
  3     6      -0.079177898       0.075135516      -0.007170187  C
  3     6      -0.088935624      -0.137785229       0.065510955  C
  3     6       0.028642534       0.062065416      -0.020508072  C
  3     6       0.030987666       0.026398671       0.027253523  C
  3     6      -0.021972691       0.035103774       0.090945729  C
