               -825.6345972168
          0.002723630       0.000055944       0.000166556
          0.000055944       0.002973207       0.000106125
          0.000166556       0.000106126       0.003272749
          64
  1     5       0.032417136       0.042381672       0.017892775  B
  1     5       0.046202286      -0.057099393      -0.041123735  B
  1     5      -0.001400913       0.023411045      -0.000433983  B
  1     5      -0.002489153      -0.011442075      -0.012332322  B
  1     5      -0.039445216      -0.037158248      -0.009773803  B
  1     5       0.010974695      -0.008102907      -0.055049769  B
  1     5       0.008066289      -0.008157577      -0.003633973  B
  1     5       0.001686625      -0.009611162       0.057553312  B
  1     5      -0.047732577       0.002384301      -0.039241138  B
  1     5      -0.002284063       0.028369125       0.032607872  B
  1     5      -0.005142143       0.007758493       0.012690072  B
  1     5       0.050291632      -0.041063963       0.045645775  B
  1     5      -0.006486925       0.037737172      -0.019368170  B
  1     5      -0.026039830       0.011719312      -0.080994527  B
  1     5       0.023556070       0.010417553       0.031294154  B
  1     5       0.010608369      -0.006152907      -0.023377522  B
  1     5       0.035359289       0.013010712      -0.004187932  B
  1     5      -0.026571809       0.027727058       0.019653126  B
  1     5       0.021718346       0.006475710       0.002880858  B
  1     5      -0.004954484      -0.006906808       0.018754929  B
  1     5      -0.007147728       0.033063123      -0.031100957  B
  1     5      -0.009962612       0.040842944      -0.004170001  B
  1     5      -0.001836961       0.007066416       0.044474810  B
  1     5      -0.084932120       0.016515678      -0.009469578  B
  1     5       0.023881329      -0.027185938       0.023261895  B
  1     5      -0.017216529      -0.015982848       0.044462567  B
  1     5       0.006919415       0.014895301      -0.045543613  B
  1     5       0.001204850      -0.033716459      -0.026034041  B
  2     7       0.022015521       0.029405137       0.057869902  N
  2     7       0.051478641       0.050625039       0.031364885  N
  2     7       0.006729470      -0.030327069       0.015087626  N
  2     7      -0.068230096      -0.054451769       0.036963897  N
  2     7      -0.149913141      -0.017648401      -0.055346234  N
  2     7      -0.015129830       0.135483670       0.072833743  N
  2     7       0.045839118      -0.169084539      -0.080878183  N
  2     7       0.039979394      -0.092675963       0.050495415  N
  2     7       0.071424545      -0.004523454       0.030488461  N
  2     7      -0.054404928      -0.116549542      -0.007263518  N
  2     7       0.053812679       0.008375296       0.035616416  N
  2     7      -0.076830730       0.030984288       0.037410117  N
  2     7       0.024256446       0.136153893      -0.000116209  N
  2     7      -0.051600776      -0.028548296      -0.007915164  N
  2     7       0.088126556       0.001046168      -0.107118936  N
  2     7      -0.046907072       0.053990310      -0.058028744  N
  2     7       0.022582541      -0.009590600       0.060979541  N
  2     7      -0.091002788      -0.027587016      -0.020706151  N
  2     7       0.067385382      -0.038102952      -0.038797729  N
  2     7      -0.060442178       0.045889842      -0.068375524  N
  2     7      -0.078930305      -0.046090529      -0.024091922  N
  2     7      -0.031406346      -0.042466947      -0.006740969  N
  2     7       0.036966937       0.037358820      -0.054948409  N
  2     7      -0.044092906      -0.052825762       0.096775871  N
  2     7       0.072545297      -0.078685154       0.091998181  N
  2     7       0.143972204       0.069252817      -0.011481447  N
  2     7      -0.023641421       0.003280334       0.017496265  N
  2     7      -0.010694992      -0.020230631       0.119125449  N
  3     6      -0.034328130       0.044895998      -0.072662889  C
  3     6      -0.018037447       0.008538930      -0.014242561  C
  3     6       0.000140596      -0.021811193       0.019357637  C
  3     6      -0.006661176       0.016832128      -0.021526253  C
  3     6       0.048653925      -0.038521794      -0.054857727  C
  3     6      -0.002768385       0.058759733       0.018179760  C
  3     6       0.058677556       0.043624732       0.020675538  C
  3     6       0.021135650       0.053881301      -0.052955173  C
