               -106.8232671330
         -0.000832840       0.000379848       0.000270451
          0.000379849      -0.002425046      -0.000046755
          0.000270452      -0.000046755      -0.002696325
           8
  1     7      -0.020047989       0.113983327       0.143511523  N
  1     7      -0.018047150      -0.045303830      -0.062122719  N
  1     7       0.002241776       0.116882311      -0.046885022  N
  1     7       0.005398814      -0.030644461       0.146141041  N
  2     5      -0.001643940       0.017887944       0.052867104  B
  2     5       0.021998969      -0.107955692      -0.146727300  B
  2     5       0.005257209       0.036703606      -0.138961779  B
  2     5       0.004810565      -0.101531085       0.052184380  B
