               -106.8612622113
          0.001417969       0.000014772       0.000020340
          0.000014772       0.002074898      -0.000016570
          0.000020340      -0.000016570       0.002212301
           8
  1     7      -0.018837864      -0.048676983      -0.043924064  N
  1     7      -0.017052030       0.005439924       0.016945781  N
  1     7       0.010865994      -0.034587554       0.028322301  N
  1     7       0.003503754       0.005080434      -0.057151967  N
  2     5       0.013750961      -0.007548126      -0.013465683  B
  2     5       0.016394154       0.046121831       0.055179672  B
  2     5      -0.010280967      -0.010416297       0.043955674  B
  2     5       0.001686648       0.044606323      -0.029845808  B
