               -846.1684760652
          0.002679626      -0.000981120      -0.000069106
         -0.000981120       0.002605401       0.000130291
         -0.000069107       0.000130292       0.002474204
          64
  1     5      -0.072720473      -0.103203419      -0.085923990  B
  1     5      -0.029932746       0.050125674       0.015952485  B
  1     5       0.087402216       0.019399396      -0.101104706  B
  1     5       0.047828606       0.000354095       0.039346006  B
  1     5       0.011254382       0.088420507      -0.051952258  B
  1     5      -0.012376442       0.008034387      -0.068711831  B
  1     5      -0.095400938       0.045247727       0.036991511  B
  1     5       0.055497827      -0.023055667       0.072928539  B
  1     5       0.100022308      -0.018851257       0.128601682  B
  1     5       0.102142944       0.063737929      -0.017579778  B
  1     5      -0.069386535      -0.167452716      -0.076121597  B
  1     5      -0.019190826       0.102025013       0.062451467  B
  1     5      -0.040920836       0.028057377       0.046019000  B
  1     5      -0.053876256      -0.021287792      -0.024301652  B
  1     5      -0.088325461      -0.105191372      -0.027882505  B
  1     5      -0.064437003       0.028128557      -0.041937444  B
  1     5       0.035894727       0.128284673      -0.001341388  B
  1     5       0.055804894       0.005760063      -0.000583850  B
  1     5      -0.093223543       0.106674909      -0.009968241  B
  1     5      -0.002393034      -0.033173091       0.070593231  B
  1     5       0.014017388       0.119428878      -0.097576128  B
  1     5      -0.040808365      -0.015323728      -0.050467590  B
  1     5       0.007820282       0.012415323      -0.120441624  B
  1     5       0.002657254      -0.014448986      -0.046221735  B
  1     5      -0.054515174       0.034757494       0.151845253  B
  1     5       0.071660663      -0.055438173      -0.013942427  B
  1     5      -0.014078700       0.056771716      -0.064064530  B
  1     5      -0.039589175      -0.071046784       0.082759934  B
  1     5       0.067315153      -0.133530071      -0.009412053  B
  1     5       0.078312116       0.075581648      -0.046776766  B
  1     5       0.050374716       0.034006193      -0.021931501  B
  1     5       0.053502942      -0.097928918       0.038731530  B
  2     7      -0.075711486       0.112483357      -0.198496478  N
  2     7       0.177272440      -0.030798986      -0.016073219  N
  2     7       0.111499806      -0.006956535      -0.026932640  N
  2     7      -0.055100997      -0.019986576       0.019611885  N
  2     7      -0.061950489      -0.010469948      -0.046172377  N
  2     7      -0.134856291      -0.177576052       0.055632130  N
  2     7      -0.009991959       0.046672010       0.087894267  N
  2     7       0.013084428       0.035312434      -0.066343171  N
  2     7       0.194268995       0.106095247      -0.045396263  N
  2     7      -0.058511249      -0.005177204       0.061586187  N
  2     7       0.043046976      -0.095803838       0.027188563  N
  2     7       0.015998741       0.144312861       0.117673449  N
  2     7       0.091872882      -0.015278910      -0.000221618  N
  2     7      -0.031650186       0.137366151      -0.021619079  N
  2     7       0.066532016      -0.119578967       0.077662265  N
  2     7       0.025986457       0.111178722      -0.089233706  N
  2     7      -0.101706970      -0.085826641      -0.009855108  N
  2     7       0.092662722      -0.011257860       0.080903082  N
  2     7      -0.121315469       0.077652340      -0.059110912  N
  2     7      -0.035054346       0.035824922       0.136354470  N
  2     7      -0.236299420      -0.039685216       0.019419545  N
  2     7      -0.006009247       0.113535247       0.033547293  N
  2     7       0.064485804      -0.088341100       0.028084602  N
  2     7      -0.027752950       0.135863116       0.099319676  N
  2     7       0.027470452       0.026386236       0.132047406  N
  2     7       0.035007471      -0.094169350       0.110594121  N
  2     7      -0.098819757      -0.089343613      -0.057513470  N
  2     7      -0.061372216      -0.031833332       0.037838576  N
  2     7       0.078109375      -0.014798924      -0.098943547  N
  2     7       0.017460106       0.011225667      -0.118749160  N
  2     7       0.025420237      -0.050552573       0.005117957  N
  2     7      -0.014511026      -0.253780434      -0.043772074  N
