               -809.4494689654
          0.001032212       0.000448120      -0.000042307
          0.000448120       0.001121888       0.000230405
         -0.000042309       0.000230404       0.001485841
          64
  1     5       0.041147004       0.022974947      -0.048062793  B
  1     5       0.080238589       0.014013434      -0.068422259  B
  1     5      -0.083756650       0.078605249       0.032875438  B
  1     5      -0.003347197      -0.096633812       0.089695068  B
  1     5       0.021813534       0.024052594       0.024529278  B
  1     5      -0.004415341      -0.084056684      -0.087604916  B
  1     5      -0.030672997      -0.129219424      -0.103335938  B
  1     5      -0.027856616      -0.097370837      -0.070395074  B
  1     5      -0.042782797      -0.003831387       0.003713186  B
  1     5       0.092109820      -0.005750244       0.117268245  B
  1     5       0.118739252      -0.024785823       0.024204118  B
  1     5      -0.015346611      -0.159217586       0.003137240  B
  1     5       0.018907887       0.014117188       0.040979283  B
  1     5      -0.047761345       0.001236094       0.049886382  B
  1     5      -0.008360399       0.008547230      -0.038638780  B
  1     5       0.004291530       0.072231621       0.040683391  B
  1     5       0.079741729       0.009093537      -0.047651447  B
  1     5      -0.020412714      -0.015824649       0.013187240  B
  1     5      -0.056193859       0.006131218      -0.028111411  B
  1     5       0.099508242       0.058850025      -0.003177474  B
  2     7      -0.034076753      -0.070477616      -0.126989040  N
  2     7       0.120443207      -0.078156599       0.021503738  N
  2     7      -0.052946652       0.197310245       0.026075761  N
  2     7       0.109066920      -0.067190210       0.055318898  N
  2     7       0.035269272      -0.034076832       0.078131276  N
  2     7       0.056215264       0.069308111       0.086322270  N
  2     7       0.129377863       0.049055576      -0.023462776  N
  2     7       0.105487215      -0.080780248      -0.054166981  N
  2     7       0.001867008       0.039571968       0.120333591  N
  2     7      -0.145758055      -0.002213111       0.036462129  N
  2     7       0.044051131       0.008514080      -0.073001113  N
  2     7      -0.048108988      -0.097700282       0.034907683  N
  2     7       0.085504414      -0.083689427      -0.090002712  N
  2     7       0.134162346       0.015403783      -0.150747530  N
  2     7      -0.115008272       0.092915850      -0.022396556  N
  2     7      -0.039196904       0.101083149       0.010858823  N
  2     7       0.092220692       0.061762779       0.019953934  N
  2     7       0.027408752       0.044184645       0.028209745  N
  2     7      -0.104577318       0.153323352       0.034901755  N
  2     7       0.011161649       0.154425916       0.014846920  N
  3     6      -0.024756732      -0.097687111      -0.134109588  C
  3     6      -0.004645908      -0.029678627      -0.072198511  C
  3     6      -0.043312633      -0.062678951       0.081388078  C
  3     6      -0.078755456       0.009617086       0.045185508  C
  3     6       0.012753573       0.009539342       0.050452254  C
  3     6      -0.002750978       0.031945984      -0.048790232  C
  3     6      -0.004170596      -0.096027643      -0.143769361  C
  3     6       0.026132134      -0.012189924      -0.071079348  C
  3     6       0.037472492      -0.045023331       0.077785778  C
  3     6      -0.039442613      -0.017674631      -0.155001465  C
  3     6       0.004845613       0.002642898       0.073445798  C
  3     6      -0.052350043       0.052779356       0.059942092  C
  3     6      -0.104428470      -0.011219521       0.043492788  C
  3     6      -0.116939234      -0.025803278       0.112102171  C
  3     6      -0.071488191       0.145455520       0.062998261  C
  3     6       0.031312380       0.073592911      -0.054824172  C
  3     6       0.041490112      -0.054767791       0.071779567  C
  3     6      -0.145518664      -0.029503542      -0.039201571  C
  3     6       0.033696086       0.034159670      -0.032148437  C
  3     6      -0.051390811      -0.044175330       0.013874524  C
  3     6      -0.039209993       0.102833035      -0.012500077  C
  3     6      -0.059179422      -0.113608593       0.091238383  C
  3     6      -0.003102677      -0.048548329      -0.030931036  C
  3     6       0.025520872       0.060219513       0.038962346  C
