               -833.5220561090
         -0.002216570       0.000275737      -0.000538051
          0.000275737      -0.001913486      -0.000506075
         -0.000538051      -0.000506074      -0.001589111
          64
  1     5       0.008767160       0.011002218       0.003446956  B
  1     5      -0.006352118      -0.002084054      -0.002058981  B
  1     5       0.003356241       0.000873889      -0.001532900  B
  1     5      -0.011320655       0.005045557       0.002630972  B
  1     5      -0.006080545       0.006287014      -0.007013210  B
  1     5       0.001890257       0.006855309       0.015017720  B
  1     5       0.013713533       0.003451744       0.011854017  B
  1     5      -0.010834200       0.004908977      -0.010555260  B
  1     5       0.005254625      -0.007819110      -0.005782328  B
  1     5      -0.006668919      -0.001378233       0.000445066  B
  1     5       0.003590063       0.006457023       0.001724925  B
  1     5      -0.000231920      -0.009744323       0.003810348  B
  1     5       0.007202480      -0.003719397       0.007271299  B
  1     5      -0.004667916      -0.004220062       0.001068499  B
  1     5       0.001561376       0.002620922       0.005090805  B
  1     5       0.009459151       0.013912596      -0.010330436  B
  1     5       0.017231159       0.002406980      -0.001702959  B
  1     5       0.008593310      -0.003236178       0.003290378  B
  1     5      -0.005669712       0.001210288       0.003348612  B
  1     5       0.010322736      -0.009536195      -0.002427847  B
  1     5       0.006711637      -0.001906173      -0.001722621  B
  1     5      -0.006646614      -0.003704562       0.002990047  B
  1     5       0.005354401      -0.013727494       0.003130623  B
  1     5       0.010065969       0.004105521       0.001138262  B
  1     5       0.000814311      -0.004019418       0.000917020  B
  1     5      -0.004971124       0.002655667      -0.005900559  B
  2     7      -0.001909080       0.008829158      -0.001233307  N
  2     7       0.001544776      -0.000299430      -0.000571371  N
  2     7      -0.003431880      -0.004996350       0.002331923  N
  2     7      -0.010368240       0.028293042      -0.017902442  N
  2     7      -0.000193247       0.005199491       0.002572874  N
  2     7       0.004122002       0.003480762      -0.003274178  N
  2     7       0.003225481       0.001380557       0.005009275  N
  2     7      -0.006704198       0.001437412       0.008107838  N
  2     7      -0.001644879       0.009621660      -0.000605820  N
  2     7      -0.002444164       0.002486776      -0.001428600  N
  2     7      -0.003651315       0.007373847      -0.001595057  N
  2     7       0.005960625      -0.001065492       0.006458366  N
  2     7      -0.000796975      -0.010491621      -0.014667405  N
  2     7       0.003242267      -0.009554892       0.001407189  N
  2     7       0.005063567      -0.002942260      -0.001766528  N
  2     7      -0.009178666       0.000615096       0.003187113  N
  2     7      -0.002303064      -0.004154101      -0.002973581  N
  2     7       0.001144901      -0.004007615      -0.000010234  N
  2     7      -0.006497811      -0.011167104      -0.016708753  N
  2     7       0.003355938       0.000418810       0.002261771  N
  2     7      -0.003411532       0.001968607       0.004463767  N
  2     7      -0.002719872       0.000230854       0.001458734  N
  2     7      -0.004439940      -0.002314212       0.000119247  N
  2     7       0.002076887       0.003939552       0.000017691  N
  2     7      -0.003865733       0.005190499      -0.004904271  N
  2     7      -0.002692752      -0.001388348       0.012098267  N
  3     6      -0.010012237      -0.001165142       0.005150416  C
  3     6      -0.015587106      -0.003574553       0.003232041  C
  3     6       0.003474203      -0.000288721      -0.013314355  C
  3     6      -0.006635299       0.013387215      -0.015921734  C
  3     6       0.008694385      -0.006057382      -0.004056998  C
  3     6      -0.000960542      -0.007862282       0.007686455  C
  3     6      -0.007666624       0.004616103      -0.011521427  C
  3     6      -0.005717104      -0.007435015       0.008223741  C
  3     6       0.009652358       0.002972296       0.002915306  C
  3     6      -0.009474618       0.001558953       0.000495619  C
  3     6       0.002580409      -0.030112145       0.010790257  C
  3     6       0.017545086      -0.000877863       0.006386341  C
