17
#   CELL_PARAMETERS    9.50461219   -4.75230609    0.00000000    0.00000000    8.23123560    0.00000000    0.00000000    0.00000000   58.50592080
   B      -0.55765952686838E-01     0.10758954614217E+00     0.95972856219398E+01
   B       0.95959432012229E-01     0.27076033509022E+01     0.15662551482271E+02
   B      -0.24295678832189E+01     0.42223419915830E+01     0.97453137685408E+01
   B      -0.23322199248738E+01     0.67797228483218E+01     0.14974428338779E+02
   B       0.47443283138469E+01     0.12514343598497E+00     0.94785293572323E+01
   B       0.47024924417709E+01     0.26811887101044E+01     0.15654581776845E+02
   B       0.23348744048919E+01     0.42129565187008E+01     0.89934329812300E+01
   B       0.24060987829006E+01     0.67265229774222E+01     0.15238563830977E+02
   N      -0.34547659772333E-01     0.28644160533746E+01     0.93369087464243E+01
   N       0.35120587479661E-01    -0.14530908234252E+00     0.15333962147382E+02
   N      -0.24333987560002E+01     0.69429304356425E+01     0.10713678579582E+02
   N      -0.23408508093792E+01     0.39948905294965E+01     0.15627540950180E+02
   N       0.47332311390456E+01     0.28607855296726E+01     0.90687884321725E+01
   N       0.47781110395470E+01    -0.13846771962404E+00     0.15330234883007E+02
   N       0.23331430998999E+01     0.69710205625680E+01     0.86488422166706E+01
   N       0.24190928194933E+01     0.40019089233929E+01     0.16972203796389E+02
   N       0.24140664109186E+01     0.41276510017379E+01     0.13945812956479E+02