   320
     1   -0.346347   -0.346347    0.000000       0.001953
     2   -0.230898   -0.346347    0.000000       0.001953
     3   -0.115449   -0.346347    0.000000       0.001953
     4    0.000000   -0.346347    0.000000       0.001953
     5    0.115449   -0.346347    0.000000       0.001953
     6    0.230898   -0.346347    0.000000       0.001953
     7    0.346347   -0.346347    0.000000       0.001953
     8    0.461796   -0.346347    0.000000       0.001953
     9   -0.346347   -0.230898    0.000000       0.001953
    10   -0.230898   -0.230898    0.000000       0.001953
    11   -0.115449   -0.230898    0.000000       0.001953
    12    0.000000   -0.230898    0.000000       0.001953
    13    0.115449   -0.230898    0.000000       0.001953
    14    0.230898   -0.230898    0.000000       0.001953
    15    0.346347   -0.230898    0.000000       0.001953
    16    0.461796   -0.230898    0.000000       0.001953
    17   -0.346347   -0.115449    0.000000       0.001953
    18   -0.230898   -0.115449    0.000000       0.001953
    19   -0.115449   -0.115449    0.000000       0.001953
    20    0.000000   -0.115449    0.000000       0.001953
    21    0.115449   -0.115449    0.000000       0.001953
    22    0.230898   -0.115449    0.000000       0.001953
    23    0.346347   -0.115449    0.000000       0.001953
    24    0.461796   -0.115449    0.000000       0.001953
    25   -0.346347    0.000000    0.000000       0.001953
    26   -0.230898    0.000000    0.000000       0.001953
    27   -0.115449    0.000000    0.000000       0.001953
    28    0.000000    0.000000    0.000000       0.001953
    29    0.115449    0.000000    0.000000       0.001953
    30    0.230898    0.000000    0.000000       0.001953
    31    0.346347    0.000000    0.000000       0.001953
    32    0.461796    0.000000    0.000000       0.001953
    33   -0.346347    0.115449    0.000000       0.001953
    34   -0.230898    0.115449    0.000000       0.001953
    35   -0.115449    0.115449    0.000000       0.001953
    36    0.000000    0.115449    0.000000       0.001953
    37    0.115449    0.115449    0.000000       0.001953
    38    0.230898    0.115449    0.000000       0.001953
    39    0.346347    0.115449    0.000000       0.001953
    40    0.461796    0.115449    0.000000       0.001953
    41   -0.346347    0.230898    0.000000       0.001953
    42   -0.230898    0.230898    0.000000       0.001953
    43   -0.115449    0.230898    0.000000       0.001953
    44    0.000000    0.230898    0.000000       0.001953
    45    0.115449    0.230898    0.000000       0.001953
    46    0.230898    0.230898    0.000000       0.001953
    47    0.346347    0.230898    0.000000       0.001953
    48    0.461796    0.230898    0.000000       0.001953
    49   -0.346347    0.346347    0.000000       0.001953
    50   -0.230898    0.346347    0.000000       0.001953
    51   -0.115449    0.346347    0.000000       0.001953
    52    0.000000    0.346347    0.000000       0.001953
    53    0.115449    0.346347    0.000000       0.001953
    54    0.230898    0.346347    0.000000       0.001953
    55    0.346347    0.346347    0.000000       0.001953
    56    0.461796    0.346347    0.000000       0.001953
    57   -0.346347    0.461796    0.000000       0.001953
    58   -0.230898    0.461796    0.000000       0.001953
    59   -0.115449    0.461796    0.000000       0.001953
    60    0.000000    0.461796    0.000000       0.001953
    61    0.115449    0.461796    0.000000       0.001953
    62    0.230898    0.461796    0.000000       0.001953
    63    0.346347    0.461796    0.000000       0.001953
    64    0.461796    0.461796    0.000000       0.001953
    65   -0.346347   -0.346347    0.115449       0.003906
    66   -0.230898   -0.346347    0.115449       0.003906
    67   -0.115449   -0.346347    0.115449       0.003906
    68    0.000000   -0.346347    0.115449       0.003906
    69    0.115449   -0.346347    0.115449       0.003906
    70    0.230898   -0.346347    0.115449       0.003906
    71    0.346347   -0.346347    0.115449       0.003906
    72    0.461796   -0.346347    0.115449       0.003906
    73   -0.346347   -0.230898    0.115449       0.003906
    74   -0.230898   -0.230898    0.115449       0.003906
    75   -0.115449   -0.230898    0.115449       0.003906
    76    0.000000   -0.230898    0.115449       0.003906
    77    0.115449   -0.230898    0.115449       0.003906
    78    0.230898   -0.230898    0.115449       0.003906
    79    0.346347   -0.230898    0.115449       0.003906
    80    0.461796   -0.230898    0.115449       0.003906
    81   -0.346347   -0.115449    0.115449       0.003906
    82   -0.230898   -0.115449    0.115449       0.003906
    83   -0.115449   -0.115449    0.115449       0.003906
    84    0.000000   -0.115449    0.115449       0.003906
    85    0.115449   -0.115449    0.115449       0.003906
    86    0.230898   -0.115449    0.115449       0.003906
    87    0.346347   -0.115449    0.115449       0.003906
    88    0.461796   -0.115449    0.115449       0.003906
    89   -0.346347    0.000000    0.115449       0.003906
    90   -0.230898    0.000000    0.115449       0.003906
    91   -0.115449    0.000000    0.115449       0.003906
    92    0.000000    0.000000    0.115449       0.003906
    93    0.115449    0.000000    0.115449       0.003906
    94    0.230898    0.000000    0.115449       0.003906
    95    0.346347    0.000000    0.115449       0.003906
    96    0.461796    0.000000    0.115449       0.003906
    97   -0.346347    0.115449    0.115449       0.003906
    98   -0.230898    0.115449    0.115449       0.003906
    99   -0.115449    0.115449    0.115449       0.003906
   100    0.000000    0.115449    0.115449       0.003906
   101    0.115449    0.115449    0.115449       0.003906
   102    0.230898    0.115449    0.115449       0.003906
   103    0.346347    0.115449    0.115449       0.003906
   104    0.461796    0.115449    0.115449       0.003906
   105   -0.346347    0.230898    0.115449       0.003906
   106   -0.230898    0.230898    0.115449       0.003906
   107   -0.115449    0.230898    0.115449       0.003906
   108    0.000000    0.230898    0.115449       0.003906
   109    0.115449    0.230898    0.115449       0.003906
   110    0.230898    0.230898    0.115449       0.003906
   111    0.346347    0.230898    0.115449       0.003906
   112    0.461796    0.230898    0.115449       0.003906
   113   -0.346347    0.346347    0.115449       0.003906
   114   -0.230898    0.346347    0.115449       0.003906
   115   -0.115449    0.346347    0.115449       0.003906
   116    0.000000    0.346347    0.115449       0.003906
   117    0.115449    0.346347    0.115449       0.003906
   118    0.230898    0.346347    0.115449       0.003906
   119    0.346347    0.346347    0.115449       0.003906
   120    0.461796    0.346347    0.115449       0.003906
   121   -0.346347    0.461796    0.115449       0.003906
   122   -0.230898    0.461796    0.115449       0.003906
   123   -0.115449    0.461796    0.115449       0.003906
   124    0.000000    0.461796    0.115449       0.003906
   125    0.115449    0.461796    0.115449       0.003906
   126    0.230898    0.461796    0.115449       0.003906
   127    0.346347    0.461796    0.115449       0.003906
   128    0.461796    0.461796    0.115449       0.003906
   129   -0.346347   -0.346347    0.230898       0.003906
   130   -0.230898   -0.346347    0.230898       0.003906
   131   -0.115449   -0.346347    0.230898       0.003906
   132    0.000000   -0.346347    0.230898       0.003906
   133    0.115449   -0.346347    0.230898       0.003906
   134    0.230898   -0.346347    0.230898       0.003906
   135    0.346347   -0.346347    0.230898       0.003906
   136    0.461796   -0.346347    0.230898       0.003906
   137   -0.346347   -0.230898    0.230898       0.003906
   138   -0.230898   -0.230898    0.230898       0.003906
   139   -0.115449   -0.230898    0.230898       0.003906
   140    0.000000   -0.230898    0.230898       0.003906
   141    0.115449   -0.230898    0.230898       0.003906
   142    0.230898   -0.230898    0.230898       0.003906
   143    0.346347   -0.230898    0.230898       0.003906
   144    0.461796   -0.230898    0.230898       0.003906
   145   -0.346347   -0.115449    0.230898       0.003906
   146   -0.230898   -0.115449    0.230898       0.003906
   147   -0.115449   -0.115449    0.230898       0.003906
   148    0.000000   -0.115449    0.230898       0.003906
   149    0.115449   -0.115449    0.230898       0.003906
   150    0.230898   -0.115449    0.230898       0.003906
   151    0.346347   -0.115449    0.230898       0.003906
   152    0.461796   -0.115449    0.230898       0.003906
   153   -0.346347    0.000000    0.230898       0.003906
   154   -0.230898    0.000000    0.230898       0.003906
   155   -0.115449    0.000000    0.230898       0.003906
   156    0.000000    0.000000    0.230898       0.003906
   157    0.115449    0.000000    0.230898       0.003906
   158    0.230898    0.000000    0.230898       0.003906
   159    0.346347    0.000000    0.230898       0.003906
   160    0.461796    0.000000    0.230898       0.003906
   161   -0.346347    0.115449    0.230898       0.003906
   162   -0.230898    0.115449    0.230898       0.003906
   163   -0.115449    0.115449    0.230898       0.003906
   164    0.000000    0.115449    0.230898       0.003906
   165    0.115449    0.115449    0.230898       0.003906
   166    0.230898    0.115449    0.230898       0.003906
   167    0.346347    0.115449    0.230898       0.003906
   168    0.461796    0.115449    0.230898       0.003906
   169   -0.346347    0.230898    0.230898       0.003906
   170   -0.230898    0.230898    0.230898       0.003906
   171   -0.115449    0.230898    0.230898       0.003906
   172    0.000000    0.230898    0.230898       0.003906
   173    0.115449    0.230898    0.230898       0.003906
   174    0.230898    0.230898    0.230898       0.003906
   175    0.346347    0.230898    0.230898       0.003906
   176    0.461796    0.230898    0.230898       0.003906
   177   -0.346347    0.346347    0.230898       0.003906
   178   -0.230898    0.346347    0.230898       0.003906
   179   -0.115449    0.346347    0.230898       0.003906
   180    0.000000    0.346347    0.230898       0.003906
   181    0.115449    0.346347    0.230898       0.003906
   182    0.230898    0.346347    0.230898       0.003906
   183    0.346347    0.346347    0.230898       0.003906
   184    0.461796    0.346347    0.230898       0.003906
   185   -0.346347    0.461796    0.230898       0.003906
   186   -0.230898    0.461796    0.230898       0.003906
   187   -0.115449    0.461796    0.230898       0.003906
   188    0.000000    0.461796    0.230898       0.003906
   189    0.115449    0.461796    0.230898       0.003906
   190    0.230898    0.461796    0.230898       0.003906
   191    0.346347    0.461796    0.230898       0.003906
   192    0.461796    0.461796    0.230898       0.003906
   193   -0.346347   -0.346347    0.346347       0.003906
   194   -0.230898   -0.346347    0.346347       0.003906
   195   -0.115449   -0.346347    0.346347       0.003906
   196    0.000000   -0.346347    0.346347       0.003906
   197    0.115449   -0.346347    0.346347       0.003906
   198    0.230898   -0.346347    0.346347       0.003906
   199    0.346347   -0.346347    0.346347       0.003906
   200    0.461796   -0.346347    0.346347       0.003906
   201   -0.346347   -0.230898    0.346347       0.003906
   202   -0.230898   -0.230898    0.346347       0.003906
   203   -0.115449   -0.230898    0.346347       0.003906
   204    0.000000   -0.230898    0.346347       0.003906
   205    0.115449   -0.230898    0.346347       0.003906
   206    0.230898   -0.230898    0.346347       0.003906
   207    0.346347   -0.230898    0.346347       0.003906
   208    0.461796   -0.230898    0.346347       0.003906
   209   -0.346347   -0.115449    0.346347       0.003906
   210   -0.230898   -0.115449    0.346347       0.003906
   211   -0.115449   -0.115449    0.346347       0.003906
   212    0.000000   -0.115449    0.346347       0.003906
   213    0.115449   -0.115449    0.346347       0.003906
   214    0.230898   -0.115449    0.346347       0.003906
   215    0.346347   -0.115449    0.346347       0.003906
   216    0.461796   -0.115449    0.346347       0.003906
   217   -0.346347    0.000000    0.346347       0.003906
   218   -0.230898    0.000000    0.346347       0.003906
   219   -0.115449    0.000000    0.346347       0.003906
   220    0.000000    0.000000    0.346347       0.003906
   221    0.115449    0.000000    0.346347       0.003906
   222    0.230898    0.000000    0.346347       0.003906
   223    0.346347    0.000000    0.346347       0.003906
   224    0.461796    0.000000    0.346347       0.003906
   225   -0.346347    0.115449    0.346347       0.003906
   226   -0.230898    0.115449    0.346347       0.003906
   227   -0.115449    0.115449    0.346347       0.003906
   228    0.000000    0.115449    0.346347       0.003906
   229    0.115449    0.115449    0.346347       0.003906
   230    0.230898    0.115449    0.346347       0.003906
   231    0.346347    0.115449    0.346347       0.003906
   232    0.461796    0.115449    0.346347       0.003906
   233   -0.346347    0.230898    0.346347       0.003906
   234   -0.230898    0.230898    0.346347       0.003906
   235   -0.115449    0.230898    0.346347       0.003906
   236    0.000000    0.230898    0.346347       0.003906
   237    0.115449    0.230898    0.346347       0.003906
   238    0.230898    0.230898    0.346347       0.003906
   239    0.346347    0.230898    0.346347       0.003906
   240    0.461796    0.230898    0.346347       0.003906
   241   -0.346347    0.346347    0.346347       0.003906
   242   -0.230898    0.346347    0.346347       0.003906
   243   -0.115449    0.346347    0.346347       0.003906
   244    0.000000    0.346347    0.346347       0.003906
   245    0.115449    0.346347    0.346347       0.003906
   246    0.230898    0.346347    0.346347       0.003906
   247    0.346347    0.346347    0.346347       0.003906
   248    0.461796    0.346347    0.346347       0.003906
   249   -0.346347    0.461796    0.346347       0.003906
   250   -0.230898    0.461796    0.346347       0.003906
   251   -0.115449    0.461796    0.346347       0.003906
   252    0.000000    0.461796    0.346347       0.003906
   253    0.115449    0.461796    0.346347       0.003906
   254    0.230898    0.461796    0.346347       0.003906
   255    0.346347    0.461796    0.346347       0.003906
   256    0.461796    0.461796    0.346347       0.003906
   257   -0.346347   -0.346347    0.461796       0.001953
   258   -0.230898   -0.346347    0.461796       0.001953
   259   -0.115449   -0.346347    0.461796       0.001953
   260    0.000000   -0.346347    0.461796       0.001953
   261    0.115449   -0.346347    0.461796       0.001953
   262    0.230898   -0.346347    0.461796       0.001953
   263    0.346347   -0.346347    0.461796       0.001953
   264    0.461796   -0.346347    0.461796       0.001953
   265   -0.346347   -0.230898    0.461796       0.001953
   266   -0.230898   -0.230898    0.461796       0.001953
   267   -0.115449   -0.230898    0.461796       0.001953
   268    0.000000   -0.230898    0.461796       0.001953
   269    0.115449   -0.230898    0.461796       0.001953
   270    0.230898   -0.230898    0.461796       0.001953
   271    0.346347   -0.230898    0.461796       0.001953
   272    0.461796   -0.230898    0.461796       0.001953
   273   -0.346347   -0.115449    0.461796       0.001953
   274   -0.230898   -0.115449    0.461796       0.001953
   275   -0.115449   -0.115449    0.461796       0.001953
   276    0.000000   -0.115449    0.461796       0.001953
   277    0.115449   -0.115449    0.461796       0.001953
   278    0.230898   -0.115449    0.461796       0.001953
   279    0.346347   -0.115449    0.461796       0.001953
   280    0.461796   -0.115449    0.461796       0.001953
   281   -0.346347    0.000000    0.461796       0.001953
   282   -0.230898    0.000000    0.461796       0.001953
   283   -0.115449    0.000000    0.461796       0.001953
   284    0.000000    0.000000    0.461796       0.001953
   285    0.115449    0.000000    0.461796       0.001953
   286    0.230898    0.000000    0.461796       0.001953
   287    0.346347    0.000000    0.461796       0.001953
   288    0.461796    0.000000    0.461796       0.001953
   289   -0.346347    0.115449    0.461796       0.001953
   290   -0.230898    0.115449    0.461796       0.001953
   291   -0.115449    0.115449    0.461796       0.001953
   292    0.000000    0.115449    0.461796       0.001953
   293    0.115449    0.115449    0.461796       0.001953
   294    0.230898    0.115449    0.461796       0.001953
   295    0.346347    0.115449    0.461796       0.001953
   296    0.461796    0.115449    0.461796       0.001953
   297   -0.346347    0.230898    0.461796       0.001953
   298   -0.230898    0.230898    0.461796       0.001953
   299   -0.115449    0.230898    0.461796       0.001953
   300    0.000000    0.230898    0.461796       0.001953
   301    0.115449    0.230898    0.461796       0.001953
   302    0.230898    0.230898    0.461796       0.001953
   303    0.346347    0.230898    0.461796       0.001953
   304    0.461796    0.230898    0.461796       0.001953
   305   -0.346347    0.346347    0.461796       0.001953
   306   -0.230898    0.346347    0.461796       0.001953
   307   -0.115449    0.346347    0.461796       0.001953
   308    0.000000    0.346347    0.461796       0.001953
   309    0.115449    0.346347    0.461796       0.001953
   310    0.230898    0.346347    0.461796       0.001953
   311    0.346347    0.346347    0.461796       0.001953
   312    0.461796    0.346347    0.461796       0.001953
   313   -0.346347    0.461796    0.461796       0.001953
   314   -0.230898    0.461796    0.461796       0.001953
   315   -0.115449    0.461796    0.461796       0.001953
   316    0.000000    0.461796    0.461796       0.001953
   317    0.115449    0.461796    0.461796       0.001953
   318    0.230898    0.461796    0.461796       0.001953
   319    0.346347    0.461796    0.461796       0.001953
   320    0.461796    0.461796    0.461796       0.001953
