               -552.5266002628
          0.003136747       0.000013193       0.000009233
          0.000013194       0.003133674       0.000164042
          0.000009232       0.000164041       0.002493105
          64
  1     5      -0.004691615      -0.021682401       0.038299695  B
  1     5       0.010948472      -0.037806145      -0.018970357  B
  1     5       0.007066365      -0.013100295      -0.011043062  B
  1     5       0.061555952      -0.026374602      -0.008800011  B
  1     5      -0.014907434      -0.026137628      -0.027615436  B
  1     5      -0.018210963       0.014459836       0.015418872  B
  1     5      -0.022416647       0.033741850      -0.045158843  B
  1     5       0.000340362      -0.004675738       0.025849002  B
  1     5       0.019018841      -0.025270134      -0.013761323  B
  1     5      -0.048827376       0.008649994       0.000422608  B
  1     5      -0.004513936      -0.004099028      -0.010141788  B
  1     5      -0.010265980      -0.010988584       0.031240220  B
  1     5       0.024064150      -0.000791647      -0.009145318  B
  1     5       0.005654227       0.016593729       0.012595955  B
  1     5       0.009736378      -0.011252079       0.006250361  B
  1     5       0.000346790       0.013687802       0.015457560  B
  1     5      -0.056065763       0.028865749      -0.022057756  B
  1     5      -0.011599760       0.056417087       0.000504773  B
  1     5       0.036464229       0.001457819      -0.007944186  B
  1     5      -0.039730764       0.033519717      -0.004489812  B
  1     5      -0.033929862       0.028975201       0.011813490  B
  1     5       0.016953502       0.005298793       0.002098830  B
  1     5       0.059372488       0.004507504       0.015796921  B
  1     5       0.004846881      -0.009286768      -0.024005554  B
  1     5      -0.024542328       0.009021896       0.005507090  B
  1     5       0.000530522      -0.037677264       0.000226077  B
  1     5       0.040566375      -0.007887675      -0.017117330  B
  1     5      -0.025238498       0.023885610      -0.025174661  B
  1     5      -0.020580460      -0.017678083      -0.000786187  B
  1     5      -0.033273715      -0.024601414      -0.000987909  B
  1     5       0.040691422      -0.025414168       0.027794648  B
  1     5       0.003382199       0.005632376       0.002253067  B
  1     5       0.023467219      -0.010391746       0.005889265  B
  2     6       0.004445097      -0.019460160       0.012165690  C
  2     6       0.025162756       0.040517279      -0.084991521  C
  2     6       0.037344134      -0.032703674       0.036092329  C
  2     6      -0.028841113       0.004846773       0.015696889  C
  2     6       0.061048711      -0.009818543      -0.029482837  C
  2     6      -0.041239398      -0.033353799      -0.050307173  C
  2     6      -0.028003766       0.018096196      -0.039597934  C
  2     6      -0.035668113      -0.025067906      -0.008262845  C
  2     6       0.015327936       0.043766700       0.072647935  C
  2     6       0.009061480      -0.020599579       0.021427973  C
  2     6      -0.029698424      -0.046445443      -0.016319968  C
  2     6      -0.035490490       0.009640551       0.042747594  C
  2     6       0.064310559       0.060957950       0.045793780  C
  2     6       0.028472308      -0.035646081      -0.052249459  C
  2     6      -0.017099760       0.061601660       0.002461691  C
  2     6       0.063647084       0.009640052       0.013808773  C
  2     6       0.044333882       0.056366732      -0.002010740  C
  2     6      -0.058228521      -0.044123013      -0.052056007  C
  2     6       0.027456702       0.027122966       0.096361418  C
  2     6      -0.035614793      -0.010327438      -0.028840781  C
  2     6       0.032142717      -0.043930859       0.003564091  C
  2     6       0.002372784      -0.001389901       0.052664624  C
  2     6       0.026818364      -0.016360478      -0.038450470  C
  2     6      -0.032451776       0.004653252       0.010466972  C
  2     6      -0.078608602       0.031270319      -0.012262493  C
  2     6      -0.033444274       0.054594418      -0.034803945  C
  2     6       0.034508490      -0.010271092       0.018942115  C
  2     6      -0.010449939       0.021542314       0.020511250  C
  2     6      -0.012442216      -0.042524508       0.027162944  C
  2     6       0.058326093      -0.023892654       0.004106406  C
  2     6      -0.053779855       0.001692270      -0.017334596  C
