               -846.4336925359
          0.000769080       0.000281248      -0.000215728
          0.000281250       0.001193160       0.000529065
         -0.000215727       0.000529063       0.002520850
          64
  1     5       0.164941899       0.029608854      -0.167451672  B
  1     5       0.125840104       0.097984229       0.057575206  B
  1     5      -0.042804108      -0.008845887      -0.139764230  B
  1     5      -0.033320616       0.035866648       0.107444195  B
  1     5       0.065666118      -0.147578415       0.031577993  B
  1     5       0.039611372      -0.059207566       0.033415635  B
  1     5      -0.007853951      -0.034078114       0.213937157  B
  1     5       0.078228017      -0.112384563       0.084427106  B
  1     5      -0.231295624      -0.044897975      -0.086731660  B
  1     5       0.119016047      -0.013090015      -0.018528491  B
  1     5      -0.130230826      -0.016846801      -0.017009838  B
  1     5      -0.048256372       0.043565121      -0.071780206  B
  1     5       0.052992222       0.073733035       0.059285491  B
  1     5      -0.136764751       0.109763314       0.114197788  B
  1     5      -0.038616178       0.128195178       0.030727003  B
  1     5      -0.163007866      -0.218455931      -0.051432306  B
  1     5      -0.051720634       0.043796359      -0.168122377  B
  1     5      -0.192715632       0.090632169      -0.045913524  B
  1     5       0.066806304      -0.010772059      -0.094642341  B
  1     5      -0.058812155      -0.034460029       0.085732836  B
  1     5       0.012109877       0.185514996       0.052353725  B
  1     5       0.115227889      -0.196334574       0.038983020  B
  1     5       0.147649706      -0.099661300       0.079703567  B
  1     5       0.090321953      -0.046771103       0.035291028  B
  1     5       0.087946932      -0.186043049      -0.069941106  B
  1     5      -0.073743408       0.027811272      -0.071749373  B
  1     5      -0.034739775      -0.039248444       0.071167762  B
  1     5      -0.047736624       0.192234140       0.015533976  B
  1     5      -0.028312004       0.096432564      -0.032912824  B
  1     5       0.103959904      -0.019219717      -0.031517340  B
  1     5       0.114724727       0.025178823      -0.187262814  B
  1     5      -0.173764021       0.130248781       0.042027702  B
  2     7      -0.042786484       0.005823827      -0.178066207  N
  2     7      -0.021588632      -0.005437456      -0.180253760  N
  2     7      -0.056756082      -0.033408563       0.137391942  N
  2     7       0.010437589       0.014264244       0.184338213  N
  2     7       0.049763173       0.072225262       0.099875378  N
  2     7      -0.104188221       0.104562311       0.021028720  N
  2     7       0.145261149      -0.135174841       0.112504099  N
  2     7      -0.070713579      -0.130808861       0.166637199  N
  2     7      -0.190182979       0.063125081      -0.143906831  N
  2     7       0.169766230      -0.089502629      -0.032678722  N
  2     7      -0.040155176       0.061867940       0.024007200  N
  2     7      -0.134203155       0.054262556       0.015320301  N
  2     7      -0.126831744       0.027509640      -0.014294878  N
  2     7       0.065768554       0.148721300       0.090295369  N
  2     7       0.113558938       0.153894561      -0.056117610  N
  2     7       0.075798258      -0.103727937       0.090551843  N
  2     7      -0.198833028      -0.046257824      -0.196894399  N
  2     7       0.001983730       0.087828075      -0.005376453  N
  2     7       0.061477588      -0.126086247       0.065132492  N
  2     7       0.032730755       0.075937838      -0.143865461  N
  2     7      -0.093102549      -0.182701801      -0.007463900  N
  2     7       0.129945824       0.152423038      -0.096650894  N
  2     7       0.116428784      -0.001886108      -0.037886639  N
  2     7       0.057886532       0.122020760       0.042975600  N
  2     7       0.180151759      -0.082987463       0.066863181  N
  2     7      -0.050098574      -0.153635169       0.008666435  N
  2     7       0.039300966       0.079820122       0.012318490  N
  2     7      -0.065439550      -0.025102578       0.017574989  N
  2     7       0.073522596      -0.105636679       0.028182775  N
  2     7       0.101401258       0.046068174      -0.056413778  N
  2     7      -0.173606027       0.038638972       0.070067010  N
  2     7       0.051795653      -0.109319297      -0.002417585  N
