               -530.2267784000
         -0.009019489      -0.000061805      -0.000639564
         -0.000061810      -0.008482093      -0.001803792
         -0.000639563      -0.001803797      -0.010317471
          32
  1     7      -0.201245819       0.365654943       0.476447268  N
  1     7      -0.116001671       0.352589370       0.380836013  N
  1     7       0.034266877       0.179166892      -0.340864389  N
  1     7       0.678596976      -0.412455414       0.521394412  N
  1     7       0.122220952      -0.157693059       0.095171800  N
  1     7       0.144114561      -0.156607687       0.215573001  N
  1     7      -0.018056489      -0.007650445      -0.159441064  N
  1     7       0.288709314       0.244884309       0.405449734  N
  1     7      -0.055026532      -0.220631340       0.351825682  N
  1     7      -0.136493791      -0.263354610      -0.861848762  N
  1     7       0.092995577       0.995449713       0.519152299  N
  1     7      -0.832466228       0.042755258      -1.424669486  N
  1     7      -0.879591433       0.378435344      -0.024655490  N
  1     7      -0.074449378      -0.403171108      -0.295182663  N
  1     7       0.121552477      -0.235195134      -0.217171684  N
  1     7       0.077347907      -0.347036554      -0.059443535  N
  1     7      -0.355346048      -0.504552081       0.443702146  N
  1     7       1.194089247      -0.177731284       0.564223417  N
  2     6      -0.252472675       0.049533918      -0.442600106  C
  2     6       0.096940746      -0.077128074      -0.205634319  C
  2     6       0.134682920       0.204790909      -0.313209094  C
  2     6       0.416663865      -0.120794318      -0.121371968  C
  2     6      -0.254116021       0.119666299       0.150742893  C
  2     6      -0.187804488       0.022526915       0.028320594  C
  2     6      -0.082261527       0.189445930       0.009442249  C
  2     6      -0.103423014       0.005562986       0.042392212  C
  2     6      -0.008790790       0.066590775       0.064716005  C
  2     6       0.182142600      -0.090281708      -0.195700252  C
  2     6      -0.055418970       0.080411431       0.031977252  C
  2     6       0.080689225       0.091875950      -0.043034323  C
  2     6       0.029617559      -0.249689114       0.274791019  C
  2     6      -0.081604446       0.034608598       0.128740255  C
