16   
# CELL_PARAMETERS    9.50461219   -4.75230609    0.00000000    0.00000000    8.23123560    0.00000000    0.00000000    0.00000000   58.50592080
   B      -0.37151646836412E-02     0.14406468359930E-02     0.99308566572908E+01
   B       0.42175630294886E-02     0.27442107868415E+01     0.15282330712387E+02
   B      -0.23809150921779E+01     0.41152236225563E+01     0.99446263292923E+01
   B      -0.23720449083399E+01     0.68624870071388E+01     0.15233037810222E+02
   B       0.47493046569498E+01    -0.63293793421213E-03     0.98801786895194E+01
   B       0.47499336914196E+01     0.27441302987676E+01     0.15350714447319E+02
   B       0.23750738215198E+01     0.41187417286800E+01     0.98382745185099E+01
   B       0.23757690317933E+01     0.68563560610691E+01     0.15357191224844E+02
   N      -0.22267781429192E-02     0.27465255834319E+01     0.99682297888578E+01
   N       0.65921330835705E-02     0.54926156016029E+01     0.15196503887436E+02
   N      -0.23789028426587E+01     0.68610012733920E+01     0.10140778050728E+02
   N      -0.23761470465422E+01     0.96052996317866E+01     0.15184999449626E+02
   N       0.47548007798594E+01     0.27478118203891E+01     0.97579761208865E+01
   N       0.47510559340359E+01     0.54870913513634E+01     0.15389809665714E+02
   N       0.23720265446323E+01     0.68619412534385E+01     0.97022003835127E+01
   N       0.23787796047351E+01     0.96043869589634E+01     0.15518330956241E+02