16
#   CELL_PARAMETERS    9.50461219   -4.75230609    0.00000000    0.00000000    8.23123560    0.00000000    0.00000000    0.00000000   58.50592080
   B      -0.52686218966863E-01     0.27777964616569E+01     0.99992843161513E+01
   B       0.47893293472203E-01     0.27065526869757E+01     0.15223494781676E+02
   B      -0.24224956008922E+01     0.68940731358885E+01     0.10019783548737E+02
   B      -0.23271767262626E+01     0.68282571692607E+01     0.15193204220012E+02
   B       0.47056661831242E+01     0.27775882800416E+01     0.99249488720533E+01
   B       0.47933312260605E+01     0.27093528433032E+01     0.15284781021543E+02
   B       0.23306068394035E+01     0.68941384480285E+01     0.98739382291829E+01
   B       0.24222622756529E+01     0.68242125937850E+01     0.15315592961478E+02
   N      -0.41723192623799E-01     0.55262337930624E+01     0.10043663914022E+02
   N       0.41624621368516E-01    -0.33711426156894E-01     0.15160948282081E+02
   N      -0.24222904440035E+01     0.96427377865758E+01     0.10221404966645E+02
   N      -0.23315442765385E+01     0.40830110067506E+01     0.15061479309982E+02
   N       0.47083675266119E+01     0.55220371752303E+01     0.97827013607968E+01
   N       0.47982669967241E+01    -0.30196207800161E-01     0.15376065713917E+02
   N       0.23304570001965E+01     0.96394548376257E+01     0.97097429923790E+01
   N       0.24229916999409E+01     0.40859590050047E+01     0.15489069369194E+02