               -850.1862705976
          0.001434170       0.000022361      -0.000024647
          0.000022357       0.000358979      -0.000048811
         -0.000024650      -0.000048808       0.001412020
          64
  1     5       0.011861654       0.057659293       0.004331278  B
  1     5       0.090645715       0.036162178      -0.057082012  B
  1     5      -0.041678975      -0.035597783      -0.038734226  B
  1     5      -0.047696643       0.059293686       0.064078999  B
  1     5       0.134981796       0.098744707       0.117466751  B
  1     5       0.009379060       0.091800349       0.005005053  B
  1     5       0.068290770       0.006864067       0.029035536  B
  1     5       0.005388127      -0.090112589       0.034726467  B
  1     5      -0.101519375       0.001730431      -0.094083983  B
  1     5      -0.013203888      -0.053758197       0.067940617  B
  1     5      -0.022955186      -0.052098771       0.056002927  B
  1     5      -0.020920734       0.133389331      -0.063431806  B
  1     5       0.085622011      -0.054236383      -0.058530739  B
  1     5      -0.183645123      -0.129806204       0.036979260  B
  1     5       0.130852870       0.031455166       0.000074858  B
  1     5       0.096777305       0.122819008      -0.043779802  B
  1     5      -0.056328238      -0.050059136       0.004681311  B
  1     5       0.027560584      -0.086315367      -0.088328495  B
  1     5       0.112997725      -0.176166809      -0.102356214  B
  1     5      -0.051195637      -0.014369295       0.052549884  B
  1     5       0.002341158      -0.152570360      -0.041680011  B
  1     5      -0.012089321      -0.018180685       0.042324990  B
  1     5       0.047134949       0.051890266       0.043339286  B
  1     5      -0.164772222       0.209452315      -0.013494069  B
  1     5       0.078607018       0.027587104       0.045968416  B
  1     5       0.026517659      -0.080729451       0.015010205  B
  1     5       0.021502191       0.027077112      -0.169019484  B
  1     5      -0.002339185       0.124556647      -0.061198027  B
  1     5       0.026248122      -0.024966585       0.111614757  B
  1     5      -0.119521127      -0.004705288      -0.094809469  B
  2     7      -0.063976651      -0.077615303       0.024998747  N
  2     7      -0.076993070       0.073059035       0.046327240  N
  2     7       0.249297829       0.026656551       0.109736865  N
  2     7       0.007193544       0.091292751       0.019358480  N
  2     7       0.077182973       0.125201974       0.152170602  N
  2     7      -0.072878374      -0.153293593       0.072466465  N
  2     7       0.035411149      -0.052227845       0.196584289  N
  2     7      -0.076784934      -0.056100500      -0.118939766  N
  2     7      -0.099406118       0.110589829       0.164326845  N
  2     7      -0.013056883      -0.083404244      -0.158700818  N
  2     7      -0.045292371       0.013041656       0.136198356  N
  2     7       0.030683131       0.014383236      -0.143148885  N
  2     7      -0.148022014      -0.035582565      -0.125687247  N
  2     7       0.201224384       0.158857761       0.147866005  N
  2     7      -0.094910675       0.141608333       0.088884073  N
  2     7      -0.022574793      -0.085079766      -0.044695189  N
  2     7       0.016091942      -0.071578430       0.021001100  N
  2     7      -0.104783579      -0.022093120      -0.065077011  N
  2     7      -0.127066420      -0.084226784      -0.110185695  N
  2     7      -0.082928756       0.092030210      -0.009525136  N
  2     7      -0.104725020      -0.034889419      -0.227409313  N
  2     7       0.041941165       0.045586065      -0.052389034  N
  2     7      -0.014657878      -0.108353799      -0.219362506  N
  2     7      -0.099505901      -0.079542702       0.012628376  N
  2     7       0.181225662       0.113783146       0.037559271  N
  2     7      -0.012139753      -0.158615140      -0.013426276  N
  2     7       0.127830086      -0.035581482       0.054657601  N
  2     7       0.107186460       0.088902292      -0.017783055  N
  2     7      -0.026002519       0.144504062      -0.056266991  N
  2     7       0.051610657      -0.230523273       0.088418203  N
  2     7      -0.048445981       0.004364856       0.189885845  N
  3     6       0.073299991       0.037957478       0.112210075  C
  3     6       0.010349198      -0.003153798      -0.005933873  C
  3     6      -0.015256799       0.033191046      -0.111380082  C
