                -95.8021305150
         -0.001559024      -0.000017131      -0.000002051
         -0.000017131       0.002322648      -0.000000491
         -0.000002052      -0.000000491       0.000025394
           8
  1     6       0.046597242       0.124793101      -0.007451660  C
  1     6       0.002582092      -0.124742091       0.007240630  C
  1     6      -0.056669876       0.155328836       0.005570881  C
  1     6       0.007478193      -0.155414953      -0.006693172  C
  1     6       0.022441074       0.143380850       0.000338966  C
  1     6      -0.022391626      -0.143408932       0.000305149  C
  1     6      -0.022424901       0.144702868       0.000322849  C
  1     6       0.022347265      -0.144726705       0.000338555  C
