               -823.3070295432
         -0.002070931       0.000188005       0.000018536
          0.000188008       0.000357176       0.000313598
          0.000018543       0.000313591      -0.001238168
          64
  1     5       0.117237298       0.140357392      -0.127071250  B
  1     5       0.047809363      -0.083014741       0.033576818  B
  1     5      -0.008561496      -0.014782341       0.051049178  B
  1     5       0.074353512      -0.141659938       0.155270720  B
  1     5      -0.190689627      -0.019192059      -0.076575080  B
  1     5       0.110143096       0.015692689      -0.004259390  B
  1     5      -0.123107637       0.004543466       0.050590773  B
  1     5       0.011484753      -0.008902971       0.066739868  B
  1     5      -0.041561390      -0.032182448       0.036886353  B
  1     5       0.026798475      -0.033091388      -0.062632103  B
  1     5      -0.046727640      -0.045096833       0.001581471  B
  1     5       0.043155099       0.009068348      -0.039433892  B
  1     5       0.024713782      -0.059548170       0.003614399  B
  1     5       0.193083496       0.064714728       0.057092891  B
  1     5       0.120903187       0.052915673       0.005502107  B
  1     5       0.139243177       0.086673637       0.092568089  B
  1     5       0.096605921       0.152208097      -0.019336257  B
  1     5       0.001752899      -0.053394888       0.081543231  B
  1     5      -0.096443631       0.122650338       0.088680792  B
  1     5       0.020814589       0.128454226       0.120566301  B
  1     5      -0.078530794       0.050606906      -0.160408509  B
  2     7      -0.051310260      -0.163568220      -0.016335717  N
  2     7       0.124705790       0.167908433       0.135271805  N
  2     7      -0.107737194      -0.049923133       0.151160104  N
  2     7      -0.033194953       0.079369687      -0.215663058  N
  2     7      -0.091060916       0.167994110      -0.215920702  N
  2     7      -0.061509848      -0.012836080       0.065236085  N
  2     7       0.177200553      -0.038831133       0.048376444  N
  2     7      -0.074501520       0.000140356      -0.173554687  N
  2     7      -0.058193714      -0.079699648      -0.076921985  N
  2     7      -0.060145271      -0.197124647       0.239229127  N
  2     7       0.010715900       0.030689503      -0.059637930  N
  2     7       0.121775859      -0.049141911       0.005799069  N
  2     7       0.124802468      -0.130187419      -0.169866069  N
  2     7      -0.170015206       0.104604089       0.072859059  N
  2     7      -0.095649974      -0.006424429      -0.083517828  N
  2     7      -0.108015351      -0.029318740      -0.116748551  N
  2     7      -0.031457787      -0.074488273       0.026628417  N
  2     7      -0.305729207      -0.001353465       0.159245694  N
  2     7       0.122040969      -0.082531086      -0.097644204  N
  2     7       0.048974229      -0.015162958      -0.132486393  N
  2     7       0.150789734       0.134511266       0.029924426  N
  2     7       0.036802816       0.186727514      -0.141248924  N
  3     6      -0.195305550      -0.063238182       0.000018395  C
  3     6       0.163770518       0.017321764      -0.062345945  C
  3     6       0.140093385       0.108240371       0.040070265  C
  3     6      -0.040583920      -0.135417312       0.067902286  C
  3     6       0.062127227      -0.118502518       0.076994991  C
  3     6      -0.012155955      -0.006876580       0.057559089  C
  3     6      -0.000511980       0.153953150       0.079128941  C
  3     6      -0.018104732      -0.088796047       0.009870562  C
  3     6      -0.103257825       0.183548329       0.117240991  C
  3     6      -0.243545697       0.021523546      -0.115557637  C
  3     6      -0.206929914       0.023136992      -0.061096761  C
  3     6      -0.001895760       0.020824077      -0.114664060  C
  3     6       0.115177508       0.072567520      -0.009835381  C
  3     6       0.002722898      -0.036020203      -0.017540894  C
  3     6       0.103577773      -0.010728941      -0.081503864  C
  3     6       0.223903736       0.024668153       0.065779236  C
  3     6       0.069879874      -0.113536237       0.079087904  C
  3     6      -0.089574858       0.024923278      -0.070546767  C
  3     6      -0.122334489      -0.173175655       0.025762576  C
  3     6       0.091777015      -0.057953842      -0.000570040  C
  3     6      -0.050440774      -0.124689781       0.124542292  C
