               -842.9584283348
         -0.002078353       0.000030927       0.000062535
          0.000030926      -0.001406682      -0.000234084
          0.000062536      -0.000234084      -0.002538795
          64
  1     5      -0.001696868      -0.006041108       0.003456790  B
  1     5       0.001241250       0.009247595       0.002766295  B
  1     5      -0.003597725      -0.004164068       0.003119409  B
  1     5       0.013191675       0.006154032      -0.006774032  B
  1     5       0.001994168      -0.000469735      -0.004252311  B
  1     5       0.000898844       0.004853633      -0.002564904  B
  1     5      -0.003153052      -0.011632337       0.006648830  B
  1     5       0.001609738      -0.002754472      -0.001594542  B
  1     5       0.001255313      -0.005080799       0.005790239  B
  1     5      -0.009734493       0.005999216      -0.004988829  B
  1     5      -0.002532844       0.000948401      -0.001860152  B
  1     5       0.001530481      -0.004676313      -0.021476783  B
  1     5       0.010984242      -0.005054785      -0.011840403  B
  1     5       0.010638066      -0.005251126      -0.013568815  B
  1     5      -0.005386837       0.003117101       0.004112134  B
  1     5      -0.017150697       0.017534546      -0.003260886  B
  1     5      -0.016871966       0.004268709      -0.004035075  B
  1     5      -0.007087907      -0.001459382       0.007069227  B
  1     5      -0.009678679      -0.003696587      -0.006688389  B
  1     5      -0.005335519      -0.010262668       0.007373689  B
  1     5       0.007874510       0.010172921       0.005454562  B
  1     5       0.005692874      -0.011625575       0.000440931  B
  1     5       0.009568481      -0.001015900       0.002605948  B
  1     5      -0.004008191       0.017535292       0.014211834  B
  1     5      -0.002395789      -0.000139886      -0.001201980  B
  1     5       0.009495977      -0.015171864      -0.005699934  B
  2     7       0.008228994      -0.010578979      -0.000004808  N
  2     7       0.000455783       0.003336735      -0.000211582  N
  2     7      -0.004261172       0.002030919       0.007086816  N
  2     7       0.006696542      -0.004938760       0.008552513  N
  2     7       0.010696304      -0.003363061       0.001790413  N
  2     7      -0.005245600      -0.003688782       0.001635751  N
  2     7      -0.008794146       0.003984384       0.009433492  N
  2     7       0.003236307      -0.002908288       0.003053423  N
  2     7       0.002414606       0.003878283       0.001697568  N
  2     7       0.014907905      -0.002829086      -0.028365037  N
  2     7      -0.009824818       0.004773567       0.002958745  N
  2     7       0.001811451      -0.000073053      -0.001902042  N
  2     7       0.000206593       0.005960110       0.000243734  N
  2     7       0.001606173      -0.009997373      -0.006171446  N
  2     7       0.004426177       0.002724233      -0.003404165  N
  2     7      -0.000695313      -0.002852450       0.004029118  N
  2     7       0.004041896      -0.002661058      -0.012436337  N
  2     7      -0.005994853       0.004669286       0.008475315  N
  2     7       0.008091434      -0.000019303       0.000731453  N
  2     7       0.007884937      -0.005038772      -0.002673953  N
  2     7       0.005680155      -0.000081499       0.002000954  N
  2     7      -0.001633008       0.006041858       0.000741991  N
  2     7      -0.001788990      -0.002905392      -0.004723010  N
  2     7      -0.013247607       0.006165148       0.004654801  N
  2     7       0.001482088       0.000169651       0.009151909  N
  2     7       0.000600045       0.020404553       0.009804310  N
  2     7       0.004567241       0.001482277      -0.001812912  N
  3     6      -0.008511297      -0.002215469       0.000291233  C
  3     6       0.022098400       0.000841566      -0.000711237  C
  3     6      -0.015230755       0.005400464       0.008498098  C
  3     6       0.003155736       0.008579770       0.018674924  C
  3     6       0.001205997      -0.007901315       0.007933708  C
  3     6      -0.002781235      -0.011249171       0.002275278  C
  3     6      -0.001928670      -0.004644381       0.012945461  C
  3     6      -0.000337392       0.002142471      -0.002519934  C
  3     6      -0.005243041       0.017876587      -0.011248890  C
  3     6      -0.005573685      -0.004257810      -0.022826464  C
  3     6      -0.009612416      -0.009623163      -0.000858182  C
