               -833.6090335497
          0.002728294      -0.000067007      -0.000000144
         -0.000067008       0.002529771      -0.000022794
         -0.000000144      -0.000022794       0.002727859
          64
  1     5       0.051247558      -0.000068830       0.008315241  B
  1     5       0.064335421       0.032368570       0.015327689  B
  1     5       0.059634482      -0.059416983      -0.033562244  B
  1     5       0.037264946      -0.024773140      -0.012751885  B
  1     5       0.028706260       0.002726639      -0.038996194  B
  1     5      -0.076725183      -0.054980271       0.018185617  B
  1     5       0.007140828       0.035069701       0.030196162  B
  1     5       0.011381839       0.007749191      -0.031024825  B
  1     5      -0.058189089       0.009496089      -0.044443776  B
  1     5       0.044526005      -0.010713163       0.018067984  B
  1     5      -0.054268317      -0.044563177       0.009261690  B
  1     5      -0.057641707      -0.011907353      -0.026356946  B
  1     5       0.045980908       0.012354925      -0.020844639  B
  1     5      -0.012127506       0.053613017       0.039638907  B
  1     5       0.054537059      -0.025408459       0.073276578  B
  1     5       0.008626675      -0.093600627       0.010560244  B
  1     5      -0.017260697       0.037010438      -0.056651046  B
  1     5       0.015830599       0.055694486       0.064994997  B
  1     5      -0.004314186       0.019455817       0.036796346  B
  1     5      -0.007267407       0.013584407      -0.055195803  B
  1     5       0.093239342       0.015600551      -0.030994636  B
  1     5       0.030703587      -0.018388949       0.014549280  B
  1     5       0.009942855       0.061652210      -0.008011383  B
  1     5      -0.062406810       0.035056845       0.000678930  B
  1     5       0.012428481      -0.046871408       0.009815937  B
  1     5       0.026388885      -0.017342405      -0.042633416  B
  1     5      -0.013704588       0.030279163       0.004917385  B
  2     7      -0.050950669       0.011732014      -0.007981267  N
  2     7       0.078644233      -0.052572726      -0.092567047  N
  2     7      -0.018561170      -0.066938889       0.014163006  N
  2     7       0.003281677      -0.025209835      -0.136025805  N
  2     7      -0.002305196      -0.053183940      -0.091880303  N
  2     7      -0.005765337       0.024699173       0.084313475  N
  2     7       0.000030182      -0.032211184       0.036901119  N
  2     7       0.028366194      -0.040023975      -0.002258349  N
  2     7      -0.035638745      -0.142473091      -0.022607326  N
  2     7      -0.171568056      -0.007339279      -0.058213734  N
  2     7       0.030746445       0.011658734       0.117850867  N
  2     7       0.133665544       0.057680232       0.048777200  N
  2     7      -0.080300085       0.027818586      -0.039184207  N
  2     7       0.140318390       0.102278801       0.013783518  N
  2     7      -0.162196530       0.111486069       0.060992781  N
  2     7      -0.040892705       0.083510140      -0.027246096  N
  2     7       0.051550122       0.002279822      -0.043658699  N
  2     7       0.047181278       0.027243247      -0.002822973  N
  2     7       0.010479528      -0.042070932       0.054995572  N
  2     7       0.033087586      -0.009501571       0.049257407  N
  2     7      -0.024989802       0.050660420      -0.051557739  N
  2     7      -0.041529344       0.045038178      -0.033962811  N
  2     7      -0.094608790      -0.032422370       0.033099974  N
  2     7      -0.024641582      -0.189040689       0.005720478  N
  2     7      -0.009996326       0.124378936      -0.066623136  N
  2     7      -0.073854862       0.010935103       0.159010527  N
  2     7       0.043142769       0.041416721       0.083373317  N
  2     7      -0.079014059      -0.042651939      -0.106671176  N
  3     6      -0.002829918       0.039814955       0.018013229  C
  3     6       0.044274338      -0.040442112      -0.064638607  C
  3     6       0.033289673       0.039457992      -0.013840436  C
  3     6       0.032349074      -0.073073992       0.020099049  C
  3     6       0.031704830       0.024586923       0.025228056  C
  3     6      -0.017452071      -0.051785120       0.002525313  C
  3     6      -0.073335434      -0.017503522      -0.001565616  C
  3     6       0.015287330       0.073373990       0.057406302  C
  3     6       0.014992276      -0.005384408       0.024801523  C
