              -1140.3808375620
          0.002239028      -0.000037166      -0.000058047
         -0.000037166       0.002028419      -0.000035890
         -0.000058050      -0.000035887       0.002224857
          64
  1     7      -0.035366761      -0.031332782      -0.041671904  N
  1     7       0.073611201      -0.007236526       0.004415464  N
  1     7      -0.076255492      -0.010065211      -0.034150436  N
  1     7       0.048994499       0.013915996       0.049034326  N
  1     7      -0.017545169       0.100037218       0.050526579  N
  1     7      -0.069299837      -0.085372463       0.042220712  N
  1     7      -0.083391895       0.057999010       0.022985666  N
  1     7       0.091636319       0.029798847       0.094561051  N
  1     7       0.078335066       0.004044637      -0.147850526  N
  1     7       0.062527482       0.006957445       0.010919917  N
  1     7      -0.037846813       0.026502200       0.060964834  N
  1     7       0.084538298       0.041431921      -0.030810099  N
  1     7       0.003532185      -0.048405434       0.028262292  N
  1     7      -0.006755404       0.046464173      -0.031249594  N
  1     7       0.026018922      -0.030418315      -0.021163567  N
  1     7       0.027014579       0.018097597      -0.061700142  N
  1     7       0.028746071      -0.010908798      -0.015173256  N
  1     7      -0.020976039       0.011228623      -0.060671761  N
  1     7       0.018815097      -0.007280762      -0.034003048  N
  1     7      -0.093794497       0.033716421      -0.016951049  N
  1     7       0.069459518       0.094867022       0.163142442  N
  1     7      -0.001333062       0.032489994       0.096135223  N
  1     7      -0.087542230       0.005508447       0.016475669  N
  1     7       0.030034664       0.033058968       0.047404332  N
  1     7      -0.028937049       0.056232683       0.043289465  N
  1     7      -0.021121608      -0.073628520       0.038717128  N
  1     7      -0.025336840      -0.040926321       0.015152605  N
  1     7       0.042641361      -0.115104762      -0.054450528  N
  1     7       0.053158454       0.010334430       0.008835737  N
  1     7      -0.062241673      -0.001094449      -0.027842125  N
  1     7      -0.000217065      -0.024696269       0.065989516  N
  1     7       0.005513315       0.010899234       0.000601379  N
  1     7       0.017175084      -0.023461409      -0.194578266  N
  1     7      -0.042658796       0.067596607      -0.010466463  N
  1     7      -0.027234398      -0.013985365       0.022875686  N
  1     7      -0.003961625      -0.036279807       0.025079466  N
  1     7       0.047574867       0.015263113      -0.065430839  N
  1     7      -0.041978592      -0.071357487      -0.069229107  N
  1     7       0.114799411       0.082730037       0.055751699  N
  1     7      -0.025400568      -0.056682113       0.013878966  N
  1     7       0.037909868       0.056390799       0.010654758  N
  1     7       0.037188483       0.007466094      -0.007087760  N
  1     7      -0.066618903       0.097794323       0.048943353  N
  1     7      -0.111052264      -0.009680941      -0.069123780  N
  1     7      -0.000143666      -0.005524396      -0.068949127  N
  2     6       0.025409933      -0.152085069      -0.074849008  C
  2     6       0.032409021      -0.040330561      -0.096565371  C
  2     6      -0.026444171       0.096635934       0.016788742  C
  2     6       0.053790753      -0.106726909       0.057560696  C
  2     6      -0.028261615       0.009273678      -0.001339780  C
  2     6      -0.064317940      -0.046968521      -0.026019863  C
  2     6       0.004433900       0.138516940      -0.017204882  C
  2     6      -0.014859773       0.022858791       0.073839441  C
  2     6      -0.072045399       0.069458874      -0.064476568  C
  2     6       0.077255689      -0.037570916      -0.024787028  C
  2     6      -0.013858576      -0.024838723       0.071966534  C
  2     6       0.017770524      -0.043600892      -0.014410171  C
  2     6       0.053624513       0.021374017      -0.053153022  C
  2     6      -0.060916652      -0.080812364       0.059941514  C
  2     6      -0.020448080      -0.086548812      -0.027380334  C
  2     6      -0.011433302      -0.034517121       0.075491331  C
  2     6       0.007331839       0.013520072       0.036469755  C
  2     6      -0.028066852       0.015170341      -0.019032220  C
  2     6       0.056309182       0.009800665       0.052810794  C
