               -810.5688388101
         -0.000691225       0.000128467      -0.000187779
          0.000128471      -0.000975558       0.000007591
         -0.000187778       0.000007588      -0.000291611
          64
  1     5      -0.075965718       0.003622237      -0.046985420  B
  1     5       0.060531825       0.115550613      -0.028921155  B
  1     5      -0.007066313      -0.000144385      -0.010603933  B
  1     5       0.026590871      -0.002201303      -0.096103713  B
  1     5       0.013868821       0.004426030       0.001200651  B
  1     5       0.049975056       0.137369762       0.004724395  B
  1     5      -0.046229983       0.036803977      -0.005743297  B
  1     5      -0.038865985      -0.095182060       0.011411747  B
  1     5       0.024340147       0.010454115      -0.004987210  B
  1     5       0.014197195       0.000287847      -0.084949582  B
  1     5       0.011376884       0.048515152       0.010414417  B
  1     5       0.057682294       0.013804288      -0.048522033  B
  1     5       0.012134330      -0.096193211       0.034276790  B
  1     5      -0.055354007       0.000446234       0.105745799  B
  1     5       0.009074973      -0.003744611      -0.026437239  B
  1     5       0.048968120       0.007491428      -0.049895188  B
  2     7      -0.026421088       0.034893362      -0.048752825  N
  2     7       0.076991583      -0.045666983       0.162172540  N
  2     7       0.064932914       0.152764812      -0.076112711  N
  2     7       0.019070424      -0.082254237       0.035975785  N
  2     7       0.062034504      -0.110796846       0.129728651  N
  2     7      -0.057119618      -0.092185437       0.211832026  N
  2     7       0.067195949      -0.007599496      -0.001848432  N
  2     7      -0.113266211      -0.065605181      -0.053259289  N
  2     7      -0.052362880       0.019690597       0.023660022  N
  2     7       0.016355791      -0.062359889       0.025712743  N
  2     7       0.046849937      -0.160955856      -0.011306917  N
  2     7       0.033123618       0.023580332      -0.066959849  N
  2     7      -0.175967095      -0.029056608      -0.119384735  N
  2     7       0.200202106       0.018822287       0.200532195  N
  2     7       0.061329418       0.072089079      -0.159856277  N
  2     7      -0.016307240      -0.034828688       0.001093157  N
  2     7      -0.012615380       0.132752615      -0.127605430  N
  3     6      -0.019352967      -0.001256072      -0.028451112  C
  3     6      -0.091947226      -0.213384136       0.110161198  C
  3     6      -0.080512178       0.089636124       0.175946942  C
  3     6       0.053587857      -0.031373685       0.123986108  C
  3     6       0.078117878       0.093010174       0.024311041  C
  3     6      -0.004414140      -0.099377098      -0.044800035  C
  3     6      -0.083758112      -0.026995562      -0.056132076  C
  3     6      -0.041155230      -0.052955071       0.152151198  C
  3     6      -0.015839417       0.013776964      -0.020598346  C
  3     6      -0.098990195      -0.014799671       0.039643247  C
  3     6       0.042165029       0.000876697      -0.020926195  C
  3     6       0.015293978       0.006927057      -0.006292741  C
  3     6      -0.006738168       0.012311147      -0.021127659  C
  3     6       0.061178471       0.028537139       0.052871955  C
  3     6      -0.001337496      -0.077693507      -0.089527877  C
  3     6      -0.189458081       0.001972739       0.010626323  C
  3     6       0.125170647       0.129219454       0.091600487  C
  3     6      -0.039330998      -0.000293149       0.060061532  C
  3     6      -0.076269212      -0.039627992       0.031362977  C
  3     6      -0.021860314      -0.009185551      -0.073767581  C
  3     6       0.013158788       0.141004181       0.070141511  C
  3     6      -0.052497231       0.142787009       0.002730903  C
  3     6      -0.009881523      -0.008355528      -0.059179916  C
  3     6      -0.005031725      -0.030561245       0.004095152  C
  3     6       0.155165089       0.008041995      -0.029309174  C
  3     6      -0.006130157      -0.015953309      -0.145077157  C
  3     6       0.053509432       0.032790617      -0.006448392  C
  3     6       0.003185197       0.086859764      -0.024620947  C
  3     6       0.072771273      -0.042485683      -0.037238614  C
  3     6      -0.079132636      -0.060166109      -0.095189178  C
  3     6      -0.048879714      -0.007882470      -0.081235889  C
