               -838.2600897356
         -0.004287463       0.000540202      -0.000243752
          0.000540202      -0.002893845      -0.000120478
         -0.000243753      -0.000120475      -0.004152225
          64
  1     5      -0.060302157      -0.004616433       0.002375065  B
  1     5       0.760868250      -0.042571092      -0.467308940  B
  1     5       0.042221020      -0.041946674       0.033126936  B
  1     5       0.040426934       0.059469401       0.032650843  B
  1     5      -0.023518110       0.067797008       0.081328241  B
  1     5       0.024615199       0.088577016      -0.067317341  B
  1     5      -0.749089332       0.134394593       0.478508943  B
  1     5       0.075395433      -0.060990324       0.092984306  B
  1     5      -0.051704937      -0.129408801      -0.006437577  B
  1     5      -0.155766922      -0.120517377       0.022588957  B
  1     5      -0.018415725       0.080043039      -0.047656143  B
  1     5       0.029971696       0.035578269      -0.000911018  B
  1     5       0.051585231      -0.062065860      -0.013150490  B
  1     5       0.074737629       0.004683254      -0.100301993  B
  1     5      -0.031558151      -0.005347714      -0.001435542  B
  1     5       0.093168277       0.032984791      -0.053043324  B
  1     5       0.082149080       0.071334131      -0.079290037  B
  1     5       0.107786887      -0.067297276      -0.085729793  B
  1     5      -0.069853549      -0.128714732       0.018056777  B
  1     5      -0.019756435       0.141544542       0.012448237  B
  1     5       0.039835670      -0.076895714      -0.006185998  B
  1     5      -0.070249915      -0.014847823      -0.015738378  B
  1     5       0.043539041       0.064912392      -0.081563885  B
  1     5      -0.014079358       0.064863681       0.009700566  B
  1     5      -0.029274814       0.074978283      -0.069505168  B
  1     5      -0.055522731      -0.037283173       0.061157131  B
  1     5      -0.000693750       0.033917149       0.011486937  B
  1     5       0.038365483      -0.064700807       0.087681486  B
  1     5      -0.055143076      -0.015903226      -0.009634456  B
  2     7       0.029573179      -0.150025613       0.063328381  N
  2     7       0.124680642      -0.087524798      -0.084801173  N
  2     7      -0.114139702       0.033236537      -0.071636053  N
  2     7      -0.029734163      -0.079612957      -0.087909449  N
  2     7      -0.003823510      -0.018016133       0.004756451  N
  2     7      -0.009359020       0.081992741      -0.021958705  N
  2     7      -0.128453092      -0.017917995       0.128331504  N
  2     7       0.124456450      -0.007765692       0.031573682  N
  2     7      -0.025987009       0.142726438       0.040390748  N
  2     7       0.115558437      -0.056731211      -0.099752662  N
  2     7      -0.110444420      -0.237694453       0.040034548  N
  2     7      -0.204609950       0.101683843      -0.042414633  N
  2     7      -0.044217384       0.099577006      -0.025347609  N
  2     7      -0.107220006      -0.168963662      -0.045784382  N
  2     7       0.057667581      -0.044279647       0.201655642  N
  2     7       0.028615508       0.086472313      -0.055555241  N
  2     7       0.039144073       0.113623048       0.081246289  N
  2     7      -0.037987354      -0.028214194       0.039267478  N
  2     7      -0.052169339      -0.029395954      -0.072882357  N
  2     7       0.019594800      -0.086644689       0.016884672  N
  2     7       0.077073813       0.076821013       0.210271345  N
  2     7      -0.045519663       0.037618721      -0.110662231  N
  2     7       0.086247193       0.020310257       0.025280944  N
  2     7       0.007100524      -0.011554221      -0.068008815  N
  2     7      -0.015317008      -0.026611776       0.054842220  N
  2     7       0.223934073       0.026770269       0.006850489  N
  2     7      -0.056449359       0.006768915      -0.014429729  N
  2     7      -0.107736050       0.016884753       0.023219770  N
  2     7      -0.123153184      -0.048955536       0.227833812  N
  3     6      -0.080011672      -0.047747664       0.108199590  C
  3     6      -0.078327485       0.034776007      -0.010407614  C
  3     6      -0.000654407       0.142892510      -0.090683146  C
  3     6       0.101545042      -0.005105839      -0.001541132  C
  3     6       0.142838785      -0.028821032      -0.118354422  C
  3     6       0.097705150       0.077378711      -0.120715182  C
