               -846.1545218930
          0.000137201      -0.000572213       0.000130844
         -0.000572214      -0.001597001       0.000565704
          0.000130848       0.000565708       0.000206302
          64
  1     5       0.034848591      -0.126963607       0.016017475  B
  1     5       0.188087576      -0.078283017      -0.092630863  B
  1     5       0.032746378       0.050169739      -0.064987907  B
  1     5      -0.055208583      -0.023551267      -0.003063087  B
  1     5      -0.055047671       0.063936616      -0.008181872  B
  1     5      -0.021355003       0.045829283       0.228726455  B
  1     5      -0.030262133      -0.130127282       0.093668309  B
  1     5      -0.037405923      -0.163790024       0.133459633  B
  1     5       0.196610970      -0.009930676       0.025898865  B
  1     5       0.101373405      -0.091210543       0.018737353  B
  1     5      -0.023613686      -0.124208792       0.093421839  B
  1     5       0.060797937      -0.083509395      -0.057444750  B
  1     5       0.153493390       0.003298050       0.111595123  B
  1     5      -0.037021806      -0.017850122       0.111910181  B
  1     5      -0.195970587       0.053486215       0.121012330  B
  1     5       0.114327532      -0.038367999       0.104432488  B
  1     5      -0.013973202      -0.033153751       0.065354815  B
  1     5      -0.053808369       0.111256987       0.114903442  B
  1     5       0.007775046      -0.008097386      -0.118077097  B
  1     5      -0.090494982       0.065161545      -0.129014573  B
  1     5       0.007555364      -0.002588174      -0.041157870  B
  1     5       0.002606324       0.070012781       0.013430110  B
  1     5      -0.009564040      -0.030472628      -0.020733107  B
  1     5       0.059628717      -0.063010701      -0.011888384  B
  1     5       0.010083628      -0.076647523       0.022747240  B
  1     5       0.096516784       0.150241076      -0.056327879  B
  1     5       0.069415961      -0.010053517      -0.141404174  B
  1     5       0.116870106      -0.086707961      -0.031024605  B
  1     5       0.142111721      -0.137531709      -0.101930122  B
  1     5       0.114601196       0.031342261       0.091529866  B
  1     5       0.062341427      -0.037578327      -0.124457958  B
  1     5      -0.051449960       0.193409377       0.026888814  B
  2     7      -0.019063905      -0.092044665      -0.036145769  N
  2     7       0.099370426       0.079197133      -0.173970789  N
  2     7      -0.059631904      -0.185276017       0.139006366  N
  2     7      -0.032884942      -0.029732113      -0.161795261  N
  2     7      -0.063368874       0.199120679      -0.083597783  N
  2     7      -0.006299626      -0.050683745      -0.070986384  N
  2     7      -0.015583788      -0.112263777      -0.091452653  N
  2     7      -0.100860269       0.076366515      -0.079172492  N
  2     7       0.057506345       0.112466462      -0.092018745  N
  2     7       0.022265448      -0.068421580      -0.011530151  N
  2     7       0.096413880       0.136391628       0.108097149  N
  2     7       0.100462037       0.111499340       0.027448488  N
  2     7       0.028595959       0.004793617       0.065649934  N
  2     7      -0.176977012      -0.053222803      -0.095212750  N
  2     7       0.184516347       0.094989763       0.147981514  N
  2     7       0.064169166       0.078874398       0.165994233  N
  2     7       0.040595039      -0.053080714      -0.051071520  N
  2     7      -0.091058980       0.176403974      -0.265881970  N
  2     7      -0.191319873       0.054099032       0.018529919  N
  2     7      -0.151557892      -0.127419982       0.104427413  N
  2     7      -0.011574427      -0.039148227       0.063125561  N
  2     7      -0.068848957      -0.046560131       0.064791187  N
  2     7      -0.043145788      -0.051170404      -0.169739349  N
  2     7      -0.206047974      -0.018149538       0.039143107  N
  2     7      -0.158766162       0.231715056       0.183977363  N
  2     7      -0.057687192      -0.069557900      -0.236758014  N
  2     7      -0.072936903       0.176774513       0.106691666  N
  2     7      -0.248729484       0.050912099       0.078761210  N
  2     7       0.171434049      -0.090473926      -0.136450296  N
  2     7      -0.079674069       0.047436435      -0.118528143  N
  2     7      -0.052884241      -0.051372024       0.038281620  N
  2     7       0.146981770       0.043029320       0.130911322  N
