                -95.8429777462
         -0.003453274       0.000406463      -0.000250156
          0.000406463       0.000109532       0.000051601
         -0.000250153       0.000051598      -0.005010840
           8
  1     6       0.008762001      -0.207520933       0.128508271  C
  1     6      -0.027009326       0.032322850      -0.039977976  C
  1     6       0.015463872      -0.152110528      -0.015922364  C
  1     6       0.007175921       0.062451269       0.156816184  C
  1     6       0.012531549      -0.034597386       0.037979952  C
  1     6      -0.007837995       0.194442535      -0.104459603  C
  1     6      -0.006659675      -0.058515528      -0.164712624  C
  1     6      -0.002374487       0.163574408       0.001754445  C
