17
#   CELL_PARAMETERS    9.50461219   -4.75230609    0.00000000    0.00000000    8.23123560    0.00000000    0.00000000    0.00000000   58.50592080
   B      -0.38465647720729E-01     0.26147537285697E-02     0.79902799578095E+01
   B      -0.10870667734569E+00     0.27905693747410E+01     0.17697034427412E+02
   B      -0.24083595924937E+01     0.40846624687080E+01     0.78734056830195E+01
   B      -0.24304065451391E+01     0.69236438276108E+01     0.17464421042957E+02
   B       0.47167512780007E+01     0.12329991157235E-02     0.80519664818804E+01
   B       0.47401408202038E+01     0.27819189698367E+01     0.16736359020932E+02
   B       0.23435557730698E+01     0.41208110067681E+01     0.73646375395153E+01
   B       0.22727271496697E+01     0.69406307954830E+01     0.17468596373516E+02
   B       0.32969143760015E+01     0.36262357463646E+01     0.13085600747513E+02
   N      -0.30980138955959E-01     0.27412198742527E+01     0.71375490249152E+01
   N      -0.44536496722468E-01     0.61878493710576E-01     0.18621461232799E+02
   N      -0.24036386042257E+01     0.68713188091298E+01     0.92660852366245E+01
   N      -0.24432224810485E+01     0.41988502461243E+01     0.17402057927985E+02
   N       0.47159462764974E+01     0.27349144578067E+01     0.72810079020474E+01
   N       0.46606562049055E+01     0.58787109738978E-01     0.16829408039699E+02
   N       0.23295586827693E+01     0.68379898955602E+01     0.75923840166269E+01
   N       0.23267181022419E+01     0.41727726990290E+01     0.16467008084393E+02