               -106.8963602998
          0.001140270      -0.000010108      -0.000003632
         -0.000010108       0.000838895      -0.000001415
         -0.000003632      -0.000001415       0.001070443
           8
  1     7      -0.004152926       0.007238270      -0.006642529  N
  1     7       0.001756196      -0.015872904      -0.014925994  N
  1     7       0.002104966       0.001388752      -0.004671403  N
  1     7       0.009931579       0.002722392       0.010713071  N
  2     5       0.014239753       0.015984728       0.011130195  B
  2     5       0.015620870      -0.004918418       0.002142746  B
  2     5      -0.016058645       0.002509010      -0.003382998  B
  2     5      -0.023424844      -0.009066778       0.005683762  B
