# Rows | Columns (Hamiltonian neighbor indices)
20 119
20 118
20 117
20 116
21 119
21 118
21 117
21 116
119 20
119 21
119 22
119 23
118 20
118 21
118 22
118 23
117 20
117 21
117 22
117 23
116 20
116 21
116 22
116 23
22 119
22 118
22 117
22 116
23 119
23 118
23 117
23 116
233 61
233 62
233 63
233 60
232 61
232 62
232 63
232 60
20 172
20 173
20 174
20 175
20 157
20 156
20 159
20 158
21 172
21 173
21 174
21 175
21 157
21 156
21 159
21 158
22 172
22 173
22 174
22 175
22 157
22 156
22 159
22 158
4 172
4 173
4 174
4 175
5 172
5 173
5 174
5 175
6 172
6 173
6 174
6 175
7 172
7 173
7 174
7 175
23 172
23 173
23 174
23 175
23 157
23 156
23 159
23 158
234 61
234 62
234 63
234 60
235 61
235 62
235 63
235 60
172 20
172 21
172 22
172 4
172 5
172 6
172 7
172 23
173 20
173 21
173 22
173 4
173 5
173 6
173 7
173 23
174 20
174 21
174 22
174 4
174 5
174 6
174 7
174 23
175 20
175 21
175 22
175 4
175 5
175 6
175 7
175 23
157 20
157 21
157 22
157 23
156 20
156 21
156 22
156 23
159 20
159 21
159 22
159 23
158 20
158 21
158 22
158 23
61 233
61 232
61 234
61 235
62 233
62 232
62 234
62 235
63 233
63 232
63 234
63 235
60 233
60 232
60 234
60 235
172 114
172 112
172 113
172 115
173 114
173 112
173 113
173 115
174 114
174 112
174 113
174 115
175 114
175 112
175 113
175 115
157 61
157 62
157 63
157 60
156 61
156 62
156 63
156 60
159 61
159 62
159 63
159 60
158 61
158 62
158 63
158 60
61 157
61 156
61 159
61 158
114 172
114 173
114 174
114 175
62 157
62 156
62 159
62 158
63 157
63 156
63 159
63 158
112 172
112 173
112 174
112 175
60 157
60 156
60 159
60 158
113 172
113 173
113 174
113 175
115 172
115 173
115 174
115 175
191 36
191 37
191 38
191 39
36 191
36 188
36 189
36 190
37 191
37 188
37 189
37 190
38 191
38 188
38 189
38 190
39 191
39 188
39 189
39 190
188 36
188 37
188 38
188 39
189 36
189 37
189 38
189 39
190 36
190 37
190 38
190 39
36 228
36 231
36 229
36 230
37 228
37 231
37 229
37 230
38 228
38 231
38 229
38 230
39 228
39 231
39 229
39 230
228 36
228 37
228 38
228 39
231 36
231 37
231 38
231 39
229 36
229 37
229 38
229 39
230 36
230 37
230 38
230 39
171 12
171 14
171 13
171 15
170 12
170 14
170 13
170 15
169 12
169 14
169 13
169 15
168 12
168 14
168 13
168 15
12 171
12 170
12 169
12 168
14 171
14 170
14 169
14 168
13 171
13 170
13 169
13 168
15 171
15 170
15 169
15 168
157 68
157 71
157 70
157 69
157 83
157 82
157 81
157 80
156 68
156 71
156 70
156 69
156 83
156 82
156 81
156 80
159 68
159 71
159 70
159 69
159 83
159 82
159 81
159 80
158 68
158 71
158 70
158 69
158 83
158 82
158 81
158 80
12 202
12 201
12 203
12 200
14 202
14 201
14 203
14 200
13 202
13 201
13 203
13 200
15 202
15 201
15 203
15 200
25 216
25 219
25 218
25 217
26 216
26 219
26 218
26 217
27 216
27 219
27 218
27 217
24 216
24 219
24 218
24 217
12 216
12 219
12 218
12 217
14 216
14 219
14 218
14 217
13 216
13 219
13 218
13 217
15 216
15 219
15 218
15 217
68 157
68 156
68 159
68 158
71 157
71 156
71 159
71 158
70 157
70 156
70 159
70 158
69 157
69 156
69 159
69 158
83 157
83 156
83 159
83 158
82 157
82 156
82 159
82 158
81 157
81 156
81 159
81 158
80 157
80 156
80 159
80 158
202 12
202 14
202 13
202 15
201 12
201 14
201 13
201 15
203 12
203 14
203 13
203 15
200 12
200 14
200 13
200 15
216 25
216 26
216 27
216 24
216 12
216 14
216 13
216 15
219 25
219 26
219 27
219 24
219 12
219 14
219 13
219 15
218 25
218 26
218 27
218 24
218 12
218 14
218 13
218 15
217 25
217 26
217 27
217 24
217 12
217 14
217 13
217 15
210 83
210 82
210 81
210 80
68 226
68 224
68 225
68 227
208 83
208 82
208 81
208 80
209 83
209 82
209 81
209 80
71 226
71 224
71 225
71 227
70 226
70 224
70 225
70 227
69 226
69 224
69 225
69 227
211 83
211 82
211 81
211 80
226 68
226 71
226 70
226 69
83 210
83 208
83 209
83 211
82 210
82 208
82 209
82 211
224 68
224 71
224 70
224 69
81 210
81 208
81 209
81 211
225 68
225 71
225 70
225 69
80 210
80 208
80 209
80 211
227 68
227 71
227 70
227 69
210 34
210 33
210 32
210 35
208 34
208 33
208 32
208 35
209 34
209 33
209 32
209 35
211 34
211 33
211 32
211 35
226 55
226 54
226 53
226 52
224 55
224 54
224 53
224 52
225 55
225 54
225 53
225 52
227 55
227 54
227 53
227 52
55 226
55 224
55 225
55 227
54 226
54 224
54 225
54 227
53 226
53 224
53 225
53 227
52 226
52 224
52 225
52 227
34 210
34 208
34 209
34 211
33 210
33 208
33 209
33 211
32 210
32 208
32 209
32 211
35 210
35 208
35 209
35 211
55 160
55 163
55 162
55 161
54 160
54 163
54 162
54 161
53 160
53 163
53 162
53 161
52 160
52 163
52 162
52 161
34 160
34 163
34 162
34 161
33 160
33 163
33 162
33 161
32 160
32 163
32 162
32 161
160 55
160 54
160 53
160 52
160 34
160 33
160 32
160 35
35 160
35 163
35 162
35 161
163 55
163 54
163 53
163 52
163 34
163 33
163 32
163 35
162 55
162 54
162 53
162 52
162 34
162 33
162 32
162 35
161 55
161 54
161 53
161 52
161 34
161 33
161 32
161 35
68 202
68 201
68 203
68 200
71 202
71 201
71 203
71 200
70 202
70 201
70 203
70 200
69 202
69 201
69 203
69 200
55 130
55 129
55 131
55 128
54 130
54 129
54 131
54 128
53 130
53 129
53 131
53 128
52 130
52 129
52 131
52 128
202 68
202 71
202 70
202 69
201 68
201 71
201 70
201 69
203 68
203 71
203 70
203 69
200 68
200 71
200 70
200 69
130 55
130 54
130 53
130 52
129 55
129 54
129 53
129 52
131 55
131 54
131 53
131 52
128 55
128 54
128 53
128 52
50 135
50 134
50 132
50 133
135 50
135 51
135 49
135 48
51 135
51 134
51 132
51 133
134 50
134 51
134 49
134 48
132 50
132 51
132 49
132 48
133 50
133 51
133 49
133 48
49 135
49 134
49 132
49 133
48 135
48 134
48 132
48 133
50 212
50 215
50 214
50 213
51 212
51 215
51 214
51 213
130 67
130 43
130 41
130 40
130 42
130 66
130 65
130 64
49 212
49 215
49 214
49 213
48 212
48 215
48 214
48 213
129 67
129 43
129 41
129 40
129 42
129 66
129 65
129 64
131 67
131 43
131 41
131 40
131 42
131 66
131 65
131 64
128 67
128 43
128 41
128 40
128 42
128 66
128 65
128 64
67 130
67 129
67 131
67 128
212 50
212 51
212 49
212 48
215 50
215 51
215 49
215 48
214 50
214 51
214 49
214 48
213 50
213 51
213 49
213 48
43 130
43 129
43 131
43 128
41 130
41 129
41 131
41 128
40 130
40 129
40 131
40 128
42 130
42 129
42 131
42 128
66 130
66 129
66 131
66 128
65 130
65 129
65 131
65 128
64 130
64 129
64 131
64 128
67 216
67 219
67 218
67 217
212 43
212 41
212 40
212 42
215 43
215 41
215 40
215 42
216 67
216 66
216 65
216 64
219 67
219 66
219 65
219 64
218 67
218 66
218 65
218 64
217 67
217 66
217 65
217 64
214 43
214 41
214 40
214 42
213 43
213 41
213 40
213 42
43 212
43 215
43 214
43 213
41 212
41 215
41 214
41 213
40 212
40 215
40 214
40 213
42 212
42 215
42 214
42 213
66 216
66 219
66 218
66 217
65 216
65 219
65 218
65 217
64 216
64 219
64 218
64 217
233 3
233 2
233 0
233 1
232 3
232 2
232 0
232 1
234 3
234 2
234 0
234 1
235 3
235 2
235 0
235 1
100 220
100 221
100 222
100 223
101 220
101 221
101 222
101 223
102 220
102 221
102 222
102 223
103 220
103 221
103 222
103 223
143 44
143 45
143 46
143 47
142 44
142 45
142 46
142 47
141 44
141 45
141 46
141 47
36 154
36 153
36 152
36 155
37 154
37 153
37 152
37 155
38 154
38 153
38 152
38 155
39 154
39 153
39 152
39 155
140 44
140 45
140 46
140 47
100 154
100 153
100 152
100 155
101 154
101 153
101 152
101 155
102 154
102 153
102 152
102 155
103 154
103 153
103 152
103 155
25 247
25 154
25 153
25 152
25 155
25 244
25 245
25 246
26 247
26 154
26 153
26 152
26 155
26 244
26 245
26 246
27 247
27 154
27 153
27 152
27 155
27 244
27 245
27 246
24 247
24 154
24 153
24 152
24 155
24 244
24 245
24 246
25 184
25 185
25 187
25 186
26 184
26 185
26 187
26 186
27 184
27 185
27 187
27 186
24 184
24 185
24 187
24 186
83 196
83 199
83 198
83 197
82 196
82 199
82 198
82 197
81 196
81 199
81 198
81 197
80 196
80 199
80 198
80 197
122 196
122 199
122 198
122 197
123 196
123 199
123 198
123 197
121 196
121 199
121 198
121 197
120 196
120 199
120 198
120 197
67 184
67 185
67 187
67 186
43 193
43 192
43 195
43 194
41 193
41 192
41 195
41 194
40 193
40 192
40 195
40 194
42 193
42 192
42 195
42 194
66 184
66 185
66 187
66 186
65 184
65 185
65 187
65 186
64 184
64 185
64 187
64 186
43 84
43 86
43 85
43 87
41 84
41 86
41 85
41 87
40 84
40 86
40 85
40 87
42 84
42 86
42 85
42 87
3 233
3 232
3 234
3 235
2 233
2 232
2 234
2 235
0 233
0 232
0 234
0 235
1 233
1 232
1 234
1 235
220 100
220 101
220 102
220 103
221 100
221 101
221 102
221 103
222 100
222 101
222 102
222 103
223 100
223 101
223 102
223 103
154 36
154 37
154 38
154 39
154 100
154 101
154 102
154 103
153 36
153 37
153 38
153 39
153 100
153 101
153 102
153 103
44 143
44 142
44 141
44 140
45 143
45 142
45 141
45 140
46 143
46 142
46 141
46 140
152 36
152 37
152 38
152 39
152 100
152 101
152 102
152 103
47 143
47 142
47 141
47 140
155 36
155 37
155 38
155 39
155 100
155 101
155 102
155 103
247 25
247 26
247 27
247 24
154 25
154 26
154 27
154 24
153 25
153 26
153 27
153 24
152 25
152 26
152 27
152 24
155 25
155 26
155 27
155 24
244 25
244 26
244 27
244 24
245 25
245 26
245 27
245 24
246 25
246 26
246 27
246 24
184 25
184 26
184 27
184 24
185 25
185 26
185 27
185 24
187 25
187 26
187 27
187 24
186 25
186 26
186 27
186 24
196 83
196 82
196 81
196 80
199 83
199 82
199 81
199 80
198 83
198 82
198 81
198 80
197 83
197 82
197 81
197 80
196 122
196 123
196 121
196 120
199 122
199 123
199 121
199 120
198 122
198 123
198 121
198 120
197 122
197 123
197 121
197 120
184 67
184 66
184 65
184 64
185 67
185 66
185 65
185 64
187 67
187 66
187 65
187 64
186 67
186 66
186 65
186 64
193 43
193 41
193 40
193 42
192 43
192 41
192 40
192 42
195 43
195 41
195 40
195 42
194 43
194 41
194 40
194 42
84 43
84 41
84 40
84 42
86 43
86 41
86 40
86 42
85 43
85 41
85 40
85 42
87 43
87 41
87 40
87 42
177 3
177 2
177 0
177 1
178 3
178 2
178 0
178 1
179 3
179 2
179 0
179 1
176 3
176 2
176 0
176 1
3 177
3 178
3 179
3 176
2 177
2 178
2 179
2 176
0 177
0 178
0 179
0 176
1 177
1 178
1 179
1 176
17 237
17 238
17 239
17 236
19 237
19 238
19 239
19 236
18 237
18 238
18 239
18 236
16 237
16 238
16 239
16 236
237 17
237 19
237 18
237 16
238 17
238 19
238 18
238 16
239 17
239 19
239 18
239 16
236 17
236 19
236 18
236 16
237 79
237 77
237 78
237 76
238 79
238 77
238 78
238 76
239 79
239 77
239 78
239 76
220 79
220 77
220 78
220 76
221 79
221 77
221 78
221 76
222 79
222 77
222 78
222 76
223 79
223 77
223 78
223 76
236 79
236 77
236 78
236 76
79 237
79 238
79 239
79 220
79 221
79 222
79 223
79 236
77 237
77 238
77 239
77 220
77 221
77 222
77 223
77 236
78 237
78 238
78 239
78 220
78 221
78 222
78 223
78 236
76 237
76 238
76 239
76 220
76 221
76 222
76 223
76 236
207 105
207 107
207 106
207 104
204 105
204 107
204 106
204 104
205 105
205 107
205 106
205 104
206 105
206 107
206 106
206 104
207 96
207 97
207 99
207 98
79 145
79 144
79 147
79 146
204 96
204 97
204 99
204 98
205 96
205 97
205 99
205 98
206 96
206 97
206 99
206 98
77 145
77 144
77 147
77 146
78 145
78 144
78 147
78 146
76 145
76 144
76 147
76 146
105 207
105 204
105 205
105 206
107 207
107 204
107 205
107 206
106 207
106 204
106 205
106 206
104 207
104 204
104 205
104 206
145 79
145 77
145 78
145 76
144 79
144 77
144 78
144 76
147 79
147 77
147 78
147 76
146 79
146 77
146 78
146 76
96 207
96 204
96 205
96 206
97 207
97 204
97 205
97 206
99 207
99 204
99 205
99 206
98 207
98 204
98 205
98 206
154 44
154 45
154 46
154 47
153 44
153 45
153 46
153 47
44 154
44 153
44 152
44 155
45 154
45 153
45 152
45 155
46 154
46 153
46 152
46 155
152 44
152 45
152 46
152 47
47 154
47 153
47 152
47 155
155 44
155 45
155 46
155 47
247 11
247 10
247 9
247 8
244 11
244 10
244 9
244 8
245 11
245 10
245 9
245 8
246 11
246 10
246 9
246 8
11 247
11 244
11 245
11 246
10 247
10 244
10 245
10 246
9 247
9 244
9 245
9 246
8 247
8 244
8 245
8 246
145 11
145 10
145 9
145 8
145 96
145 97
145 99
145 98
144 11
144 10
144 9
144 8
144 96
144 97
144 99
144 98
147 11
147 10
147 9
147 8
147 96
147 97
147 99
147 98
11 145
11 144
11 147
11 146
10 145
10 144
10 147
10 146
9 145
9 144
9 147
9 146
8 145
8 144
8 147
8 146
146 11
146 10
146 9
146 8
146 96
146 97
146 99
146 98
96 145
96 144
96 147
96 146
97 145
97 144
97 147
97 146
99 145
99 144
99 147
99 146
98 145
98 144
98 147
98 146
255 57
255 59
255 58
255 56
253 57
253 59
253 58
253 56
3 165
3 166
3 167
3 164
2 165
2 166
2 167
2 164
0 165
0 166
0 167
0 164
252 57
252 59
252 58
252 56
254 57
254 59
254 58
254 56
1 165
1 166
1 167
1 164
237 91
237 90
237 89
237 88
238 91
238 90
238 89
238 88
239 91
239 90
239 89
239 88
236 91
236 90
236 89
236 88
247 72
247 73
247 75
247 74
244 72
244 73
244 75
244 74
245 72
245 73
245 75
245 74
246 72
246 73
246 75
246 74
145 29
145 30
145 31
145 28
144 29
144 30
144 31
144 28
147 29
147 30
147 31
147 28
146 29
146 30
146 31
146 28
165 3
165 2
165 0
165 1
166 3
166 2
166 0
166 1
167 3
167 2
167 0
167 1
164 3
164 2
164 0
164 1
57 255
57 253
57 252
57 254
59 255
59 253
59 252
59 254
58 255
58 253
58 252
58 254
56 255
56 253
56 252
56 254
91 237
91 238
91 239
91 236
90 237
90 238
90 239
90 236
89 237
89 238
89 239
89 236
88 237
88 238
88 239
88 236
72 247
72 244
72 245
72 246
73 247
73 244
73 245
73 246
75 247
75 244
75 245
75 246
74 247
74 244
74 245
74 246
29 145
29 144
29 147
29 146
30 145
30 144
30 147
30 146
31 145
31 144
31 147
31 146
28 145
28 144
28 147
28 146
165 91
165 90
165 89
165 88
166 91
166 90
166 89
166 88
167 91
167 90
167 89
167 88
164 91
164 90
164 89
164 88
91 165
91 166
91 167
91 164
90 165
90 166
90 167
90 164
89 165
89 166
89 167
89 164
88 165
88 166
88 167
88 164
136 181
136 183
136 182
136 180
139 181
139 183
139 182
139 180
138 181
138 183
138 182
138 180
137 181
137 183
137 182
137 180
181 136
181 139
181 138
181 137
183 136
183 139
183 138
183 137
182 136
182 139
182 138
182 137
180 136
180 139
180 138
180 137
240 127
240 124
240 125
240 126
241 127
241 124
241 125
241 126
242 127
242 124
242 125
242 126
243 127
243 124
243 125
243 126
127 240
127 241
127 242
127 243
124 240
124 241
124 242
124 243
125 240
125 241
125 242
125 243
126 240
126 241
126 242
126 243
196 84
196 86
196 85
196 87
199 84
199 86
199 85
199 87
198 84
198 86
198 85
198 87
197 84
197 86
197 85
197 87
84 196
84 199
84 198
84 197
86 196
86 199
86 198
86 197
85 196
85 199
85 198
85 197
87 196
87 199
87 198
87 197
184 29
184 30
184 31
184 28
29 184
29 185
29 187
29 186
30 184
30 185
30 187
30 186
31 184
31 185
31 187
31 186
28 184
28 185
28 187
28 186
185 29
185 30
185 31
185 28
187 29
187 30
187 31
187 28
186 29
186 30
186 31
186 28
193 84
193 86
193 85
193 87
192 84
192 86
192 85
192 87
195 84
195 86
195 85
195 87
194 84
194 86
194 85
194 87
84 193
84 192
84 195
84 194
86 193
86 192
86 195
86 194
85 193
85 192
85 195
85 194
87 193
87 192
87 195
87 194
248 84
248 86
248 85
248 87
250 84
250 86
250 85
250 87
251 84
251 86
251 85
251 87
249 84
249 86
249 85
249 87
92 148
92 149
92 150
92 151
95 148
95 149
95 150
95 151
93 148
93 149
93 150
93 151
148 92
148 95
148 93
148 94
149 92
149 95
149 93
149 94
150 92
150 95
150 93
150 94
151 92
151 95
151 93
151 94
94 148
94 149
94 150
94 151
84 248
84 250
84 251
84 249
86 248
86 250
86 251
86 249
85 248
85 250
85 251
85 249
87 248
87 250
87 251
87 249
