# Rows | Columns (Hamiltonian neighbor indices)
159 80
159 82
159 81
159 83
158 80
158 82
158 81
158 83
157 80
157 82
157 81
157 83
156 80
156 82
156 81
156 83
80 159
80 158
80 157
80 156
82 159
82 158
82 157
82 156
81 159
81 158
81 157
81 156
83 159
83 158
83 157
83 156
80 150
80 148
80 151
80 149
82 150
82 148
82 151
82 149
81 150
81 148
81 151
81 149
83 150
83 148
83 151
83 149
150 80
150 82
150 81
150 83
148 80
148 82
148 81
148 83
151 80
151 82
151 81
151 83
149 80
149 82
149 81
149 83
150 120
150 122
150 123
150 121
148 120
148 122
148 123
148 121
151 120
151 122
151 123
151 121
149 120
149 122
149 123
149 121
120 150
120 148
120 151
120 149
120 197
120 198
120 199
120 196
122 150
122 148
122 151
122 149
122 197
122 198
122 199
122 196
123 150
123 148
123 151
123 149
123 197
123 198
123 199
123 196
121 150
121 148
121 151
121 149
121 197
121 198
121 199
121 196
197 120
197 122
197 123
197 121
198 120
198 122
198 123
198 121
199 120
199 122
199 123
199 121
196 120
196 122
196 123
196 121
125 185
125 184
125 187
125 143
125 141
125 142
125 140
125 186
126 185
126 184
126 187
126 143
126 141
126 142
126 140
126 186
127 185
127 184
127 187
127 143
127 141
127 142
127 140
127 186
124 185
124 184
124 187
124 143
124 141
124 142
124 140
124 186
120 185
120 184
120 187
120 143
120 141
120 142
120 140
120 186
122 185
122 184
122 187
122 143
122 141
122 142
122 140
122 186
123 185
123 184
123 187
123 143
123 141
123 142
123 140
123 186
121 185
121 184
121 187
121 143
121 141
121 142
121 140
121 186
185 125
185 126
185 127
185 124
184 125
184 126
184 127
184 124
187 125
187 126
187 127
187 124
143 125
143 126
143 127
143 124
141 125
141 126
141 127
141 124
142 125
142 126
142 127
142 124
140 125
140 126
140 127
140 124
186 125
186 126
186 127
186 124
185 120
185 122
185 123
185 121
184 120
184 122
184 123
184 121
187 120
187 122
187 123
187 121
143 120
143 122
143 123
143 121
141 120
141 122
141 123
141 121
142 120
142 122
142 123
142 121
140 120
140 122
140 123
140 121
186 120
186 122
186 123
186 121
85 143
85 141
85 142
85 140
185 76
185 77
185 79
185 78
184 76
184 77
184 79
184 78
187 76
187 77
187 79
187 78
143 85
143 87
143 86
143 84
141 85
141 87
141 86
141 84
142 85
142 87
142 86
142 84
140 85
140 87
140 86
140 84
76 185
76 184
76 187
76 186
77 185
77 184
77 187
77 186
79 185
79 184
79 187
79 186
78 185
78 184
78 187
78 186
87 143
87 141
87 142
87 140
86 143
86 141
86 142
86 140
186 76
186 77
186 79
186 78
84 143
84 141
84 142
84 140
76 166
76 167
76 164
76 181
76 182
76 165
76 180
76 183
77 166
77 167
77 164
77 181
77 182
77 165
77 180
77 183
79 166
79 167
79 164
79 181
79 182
79 165
79 180
79 183
78 166
78 167
78 164
78 181
78 182
78 165
78 180
78 183
166 76
166 77
166 79
166 78
167 76
167 77
167 79
167 78
164 76
164 77
164 79
164 78
181 76
181 77
181 79
181 78
182 76
182 77
182 79
182 78
165 76
165 77
165 79
165 78
180 76
180 77
180 79
180 78
183 76
183 77
183 79
183 78
166 47
166 44
166 45
166 46
167 47
167 44
167 45
167 46
164 47
164 44
164 45
164 46
181 92
181 93
181 95
181 94
182 92
182 93
182 95
182 94
165 47
165 44
165 45
165 46
180 92
180 93
180 95
180 94
183 92
183 93
183 95
183 94
92 181
92 182
92 180
92 183
93 181
93 182
93 180
93 183
47 166
47 167
47 164
47 165
95 181
95 182
95 180
95 183
44 166
44 167
44 164
44 165
45 166
45 167
45 164
45 165
46 166
46 167
46 164
46 165
94 181
94 182
94 180
94 183
107 228
107 231
107 230
107 229
197 72
197 75
197 74
197 73
198 72
198 75
198 74
198 73
104 228
104 231
104 230
104 229
105 228
105 231
105 230
105 229
106 228
106 231
106 230
106 229
199 72
199 75
199 74
199 73
196 72
196 75
196 74
196 73
197 16
197 19
197 18
197 17
198 16
198 19
198 18
198 17
199 16
199 19
199 18
199 17
196 16
196 19
196 18
196 17
166 16
166 19
166 18
166 17
167 16
167 19
167 18
167 17
164 16
164 19
164 18
164 17
165 16
165 19
165 18
165 17
47 169
47 171
47 170
47 168
44 169
44 171
44 170
44 168
45 169
45 171
45 170
45 168
46 169
46 171
46 170
46 168
166 35
166 32
166 34
166 33
167 35
167 32
167 34
167 33
164 35
164 32
164 34
164 33
165 35
165 32
165 34
165 33
228 107
228 104
228 105
228 106
231 107
231 104
231 105
231 106
72 197
72 198
72 199
72 196
75 197
75 198
75 199
75 196
74 197
74 198
74 199
74 196
230 107
230 104
230 105
230 106
229 107
229 104
229 105
229 106
73 197
73 198
73 199
73 196
16 197
16 198
16 199
16 196
19 197
19 198
19 199
19 196
18 197
18 198
18 199
18 196
17 197
17 198
17 199
17 196
169 47
169 44
169 45
169 46
171 47
171 44
171 45
171 46
170 47
170 44
170 45
170 46
168 47
168 44
168 45
168 46
16 166
16 167
16 164
16 165
19 166
19 167
19 164
19 165
18 166
18 167
18 164
18 165
17 166
17 167
17 164
17 165
35 166
35 167
35 164
35 165
32 166
32 167
32 164
32 165
34 166
34 167
34 164
34 165
33 166
33 167
33 164
33 165
11 163
11 160
11 161
11 162
163 11
163 8
163 10
163 9
160 11
160 8
160 10
160 9
228 72
228 75
228 74
228 73
161 11
161 8
161 10
161 9
162 11
162 8
162 10
162 9
231 72
231 75
231 74
231 73
72 228
72 231
72 230
72 229
75 228
75 231
75 230
75 229
74 228
74 231
74 230
74 229
230 72
230 75
230 74
230 73
229 72
229 75
229 74
229 73
73 228
73 231
73 230
73 229
8 163
8 160
8 161
8 162
10 163
10 160
10 161
10 162
9 163
9 160
9 161
9 162
11 119
11 118
11 117
11 116
163 55
163 53
163 52
163 54
160 55
160 53
160 52
160 54
161 55
161 53
161 52
161 54
162 55
162 53
162 52
162 54
72 189
72 191
72 188
72 190
75 189
75 191
75 188
75 190
74 189
74 191
74 188
74 190
73 189
73 191
73 188
73 190
8 119
8 118
8 117
8 116
10 119
10 118
10 117
10 116
9 119
9 118
9 117
9 116
55 163
55 160
55 161
55 162
53 163
53 160
53 161
53 162
52 163
52 160
52 161
52 162
119 11
119 8
119 10
119 9
118 11
118 8
118 10
118 9
189 72
189 75
189 74
189 73
191 72
191 75
191 74
191 73
188 72
188 75
188 74
188 73
190 72
190 75
190 74
190 73
54 163
54 160
54 161
54 162
117 11
117 8
117 10
117 9
116 11
116 8
116 10
116 9
55 189
55 191
55 176
55 188
55 177
55 178
55 190
55 179
53 189
53 191
53 176
53 188
53 177
53 178
53 190
53 179
52 189
52 191
52 176
52 188
52 177
52 178
52 190
52 179
119 176
119 177
119 178
119 179
118 176
118 177
118 178
118 179
189 55
189 53
189 52
189 54
191 55
191 53
191 52
191 54
176 55
176 53
176 52
176 119
176 118
176 54
176 117
176 116
188 55
188 53
188 52
188 54
177 55
177 53
177 52
177 119
177 118
177 54
177 117
177 116
178 55
178 53
178 52
178 119
178 118
178 54
178 117
178 116
190 55
190 53
190 52
190 54
179 55
179 53
179 52
179 119
179 118
179 54
179 117
179 116
54 189
54 191
54 176
54 188
54 177
54 178
54 190
54 179
117 176
117 177
117 178
117 179
116 176
116 177
116 178
116 179
55 174
55 175
55 172
55 173
53 174
53 175
53 172
53 173
52 174
52 175
52 172
52 173
54 174
54 175
54 172
54 173
174 55
174 53
174 52
174 54
175 55
175 53
175 52
175 54
172 55
172 53
172 52
172 54
173 55
173 53
173 52
173 54
174 16
174 19
174 18
174 17
175 16
175 19
175 18
175 17
172 16
172 19
172 18
172 17
173 16
173 19
173 18
173 17
16 174
16 175
16 172
16 173
19 174
19 175
19 172
19 173
18 174
18 175
18 172
18 173
17 174
17 175
17 172
17 173
16 244
16 247
16 246
16 245
254 50
254 51
254 48
254 49
19 244
19 247
19 246
19 245
252 50
252 51
252 48
252 49
255 50
255 51
255 48
255 49
253 50
253 51
253 48
253 49
18 244
18 247
18 246
18 245
17 244
17 247
17 246
17 245
50 254
50 252
50 255
50 253
51 254
51 252
51 255
51 253
244 16
244 19
244 18
244 17
48 254
48 252
48 255
48 253
247 16
247 19
247 18
247 17
49 254
49 252
49 255
49 253
246 16
246 19
246 18
246 17
245 16
245 19
245 18
245 17
50 244
50 247
50 246
50 245
51 244
51 247
51 246
51 245
244 50
244 51
244 48
244 115
244 49
244 112
244 113
244 114
244 35
244 32
244 34
244 33
48 244
48 247
48 246
48 245
115 244
115 247
115 246
115 245
247 50
247 51
247 48
247 115
247 49
247 112
247 113
247 114
247 35
247 32
247 34
247 33
49 244
49 247
49 246
49 245
112 244
112 247
112 246
112 245
113 244
113 247
113 246
113 245
114 244
114 247
114 246
114 245
246 50
246 51
246 48
246 115
246 49
246 112
246 113
246 114
246 35
246 32
246 34
246 33
35 244
35 247
35 246
35 245
245 50
245 51
245 48
245 115
245 49
245 112
245 113
245 114
245 35
245 32
245 34
245 33
32 244
32 247
32 246
32 245
34 244
34 247
34 246
34 245
33 244
33 247
33 246
33 245
107 152
107 153
107 155
107 154
197 28
197 29
197 30
197 31
198 28
198 29
198 30
198 31
104 152
104 153
104 155
104 154
105 152
105 153
105 155
105 154
106 152
106 153
106 155
106 154
199 28
199 29
199 30
199 31
196 28
196 29
196 30
196 31
185 43
185 42
185 40
185 41
184 43
184 42
184 40
184 41
187 43
187 42
187 40
187 41
186 43
186 42
186 40
186 41
76 135
76 134
76 132
76 133
77 135
77 134
77 132
77 133
79 135
79 134
79 132
79 133
78 135
78 134
78 132
78 133
35 144
35 145
35 147
35 146
32 144
32 145
32 147
32 146
34 144
34 145
34 147
34 146
33 144
33 145
33 147
33 146
189 7
189 4
189 5
189 6
191 7
191 4
191 5
191 6
188 7
188 4
188 5
188 6
190 7
190 4
190 5
190 6
50 250
50 251
50 249
50 248
51 250
51 251
51 249
51 248
48 250
48 251
48 249
48 248
49 250
49 251
49 249
49 248
35 130
35 128
35 131
35 129
32 130
32 128
32 131
32 129
34 130
34 128
34 131
34 129
33 130
33 128
33 131
33 129
28 197
28 198
28 199
28 196
29 197
29 198
29 199
29 196
30 197
30 198
30 199
30 196
31 197
31 198
31 199
31 196
152 107
152 104
152 105
152 106
153 107
153 104
153 105
153 106
155 107
155 104
155 105
155 106
154 107
154 104
154 105
154 106
43 185
43 184
43 187
43 186
42 185
42 184
42 187
42 186
40 185
40 184
40 187
40 186
41 185
41 184
41 187
41 186
135 76
135 77
135 79
135 78
134 76
134 77
134 79
134 78
132 76
132 77
132 79
132 78
133 76
133 77
133 79
133 78
144 35
144 32
144 34
144 33
145 35
145 32
145 34
145 33
147 35
147 32
147 34
147 33
146 35
146 32
146 34
146 33
7 189
7 191
7 188
7 190
4 189
4 191
4 188
4 190
5 189
5 191
5 188
5 190
6 189
6 191
6 188
6 190
130 35
130 32
130 34
130 33
250 50
250 51
250 48
250 49
251 50
251 51
251 48
251 49
249 50
249 51
249 48
249 49
248 50
248 51
248 48
248 49
128 35
128 32
128 34
128 33
131 35
131 32
131 34
131 33
129 35
129 32
129 34
129 33
56 152
56 153
56 155
56 154
43 152
43 153
43 155
43 154
28 152
28 153
28 155
28 154
42 152
42 153
42 155
42 154
29 152
29 153
29 155
29 154
40 152
40 153
40 155
40 154
30 152
30 153
30 155
30 154
31 152
31 153
31 155
31 154
41 152
41 153
41 155
41 154
152 56
152 43
152 28
152 42
152 29
152 40
152 30
152 31
152 41
152 58
152 59
152 57
153 56
153 43
153 28
153 42
153 29
153 40
153 30
153 31
153 41
153 58
153 59
153 57
155 56
155 43
155 28
155 42
155 29
155 40
155 30
155 31
155 41
155 58
155 59
155 57
154 56
154 43
154 28
154 42
154 29
154 40
154 30
154 31
154 41
154 58
154 59
154 57
58 152
58 153
58 155
58 154
59 152
59 153
59 155
59 154
57 152
57 153
57 155
57 154
56 203
56 200
56 225
56 226
56 227
56 201
56 139
56 138
56 137
56 136
56 202
56 224
58 203
58 200
58 225
58 226
58 227
58 201
58 139
58 138
58 137
58 136
58 202
58 224
59 203
59 200
59 225
59 226
59 227
59 201
59 139
59 138
59 137
59 136
59 202
59 224
57 203
57 200
57 225
57 226
57 227
57 201
57 139
57 138
57 137
57 136
57 202
57 224
203 56
203 58
203 59
203 57
200 56
200 58
200 59
200 57
225 56
225 58
225 59
225 57
226 56
226 58
226 59
226 57
227 56
227 58
227 59
227 57
201 56
201 58
201 59
201 57
139 56
139 58
139 59
139 57
138 56
138 58
138 59
138 57
137 56
137 58
137 59
137 57
136 56
136 58
136 59
136 57
202 56
202 58
202 59
202 57
224 56
224 58
224 59
224 57
225 25
225 27
225 26
225 24
25 225
25 226
25 227
25 139
25 138
25 137
25 136
25 224
27 225
27 226
27 227
27 139
27 138
27 137
27 136
27 224
226 25
226 27
226 26
226 24
227 25
227 27
227 26
227 24
26 225
26 226
26 227
26 139
26 138
26 137
26 136
26 224
24 225
24 226
24 227
24 139
24 138
24 137
24 136
24 224
139 25
139 27
139 26
139 24
138 25
138 27
138 26
138 24
137 25
137 27
137 26
137 24
136 25
136 27
136 26
136 24
224 25
224 27
224 26
224 24
28 135
28 134
28 132
28 133
29 135
29 134
29 132
29 133
30 135
30 134
30 132
30 133
31 135
31 134
31 132
31 133
225 69
225 68
225 70
225 71
226 69
226 68
226 70
226 71
227 69
227 68
227 70
227 71
224 69
224 68
224 70
224 71
135 28
135 29
135 30
135 31
134 28
134 29
134 30
134 31
132 28
132 29
132 30
132 31
133 28
133 29
133 30
133 31
69 225
69 226
69 227
69 224
68 225
68 226
68 227
68 224
70 225
70 226
70 227
70 224
71 225
71 226
71 227
71 224
69 192
69 193
69 195
69 194
68 192
68 193
68 195
68 194
192 69
192 68
192 99
192 97
192 70
192 96
192 98
192 71
193 69
193 68
193 99
193 97
193 70
193 96
193 98
193 71
195 69
195 68
195 99
195 97
195 70
195 96
195 98
195 71
194 69
194 68
194 99
194 97
194 70
194 96
194 98
194 71
99 192
99 193
99 195
99 194
97 192
97 193
97 195
97 194
70 192
70 193
70 195
70 194
96 192
96 193
96 195
96 194
98 192
98 193
98 195
98 194
71 192
71 193
71 195
71 194
99 233
99 234
99 232
99 235
99 144
99 145
99 147
99 146
97 233
97 234
97 232
97 235
97 144
97 145
97 147
97 146
96 233
96 234
96 232
96 235
96 144
96 145
96 147
96 146
98 233
98 234
98 232
98 235
98 144
98 145
98 147
98 146
233 99
233 97
233 96
233 98
234 99
234 97
234 96
234 98
232 99
232 97
232 96
232 98
235 99
235 97
235 96
235 98
144 99
144 97
144 96
144 98
145 99
145 97
145 96
145 98
147 99
147 97
147 96
147 98
146 99
146 97
146 96
146 98
233 110
233 90
233 89
233 88
233 91
233 111
233 109
233 108
234 110
234 90
234 89
234 88
234 91
234 111
234 109
234 108
232 110
232 90
232 89
232 88
232 91
232 111
232 109
232 108
110 233
110 234
110 232
110 235
235 110
235 90
235 89
235 88
235 91
235 111
235 109
235 108
90 233
90 234
90 232
90 235
89 233
89 234
89 232
89 235
88 233
88 234
88 232
88 235
91 233
91 234
91 232
91 235
111 233
111 234
111 232
111 235
109 233
109 234
109 232
109 235
108 233
108 234
108 232
108 235
28 238
28 239
28 237
28 236
29 238
29 239
29 237
29 236
30 238
30 239
30 237
30 236
31 238
31 239
31 237
31 236
90 130
90 128
90 131
90 129
89 130
89 128
89 131
89 129
88 130
88 128
88 131
88 129
91 130
91 128
91 131
91 129
110 221
110 223
110 220
110 222
111 221
111 223
111 220
111 222
109 221
109 223
109 220
109 222
108 221
108 223
108 220
108 222
238 28
238 29
238 30
238 31
239 28
239 29
239 30
239 31
237 28
237 29
237 30
237 31
236 28
236 29
236 30
236 31
130 90
130 89
130 88
130 91
128 90
128 89
128 88
128 91
131 90
131 89
131 88
131 91
129 90
129 89
129 88
129 91
221 110
221 111
221 109
221 108
223 110
223 111
223 109
223 108
220 110
220 111
220 109
220 108
222 110
222 111
222 109
222 108
207 100
207 101
207 102
207 103
62 238
62 239
62 237
62 236
60 238
60 239
60 237
60 236
238 62
238 60
238 61
238 63
238 100
238 101
238 102
238 103
61 238
61 239
61 237
61 236
239 62
239 60
239 61
239 63
239 100
239 101
239 102
239 103
237 62
237 60
237 61
237 63
237 100
237 101
237 102
237 103
63 238
63 239
63 237
63 236
204 100
204 101
204 102
204 103
100 207
100 238
100 239
100 237
100 204
100 205
100 206
100 236
101 207
101 238
101 239
101 237
101 204
101 205
101 206
101 236
102 207
102 238
102 239
102 237
102 204
102 205
102 206
102 236
103 207
103 238
103 239
103 237
103 204
103 205
103 206
103 236
205 100
205 101
205 102
205 103
206 100
206 101
206 102
206 103
236 62
236 60
236 61
236 63
236 100
236 101
236 102
236 103
100 208
100 210
100 211
100 209
101 208
101 210
101 211
101 209
102 208
102 210
102 211
102 209
103 208
103 210
103 211
103 209
208 100
208 101
208 102
208 103
210 100
210 101
210 102
210 103
211 100
211 101
211 102
211 103
209 100
209 101
209 102
209 103
208 12
208 15
208 13
208 14
210 12
210 15
210 13
210 14
211 12
211 15
211 13
211 14
209 12
209 15
209 13
209 14
12 208
12 210
12 211
12 209
12 214
12 213
12 215
12 212
214 12
214 39
214 38
214 37
214 36
214 15
214 13
214 14
213 12
213 39
213 38
213 37
213 36
213 15
213 13
213 14
215 12
215 39
215 38
215 37
215 36
215 15
215 13
215 14
212 12
212 39
212 38
212 37
212 36
212 15
212 13
212 14
39 214
39 213
39 215
39 212
38 214
38 213
38 215
38 212
37 214
37 213
37 215
37 212
36 214
36 213
36 215
36 212
15 208
15 210
15 211
15 209
15 214
15 213
15 215
15 212
13 208
13 210
13 211
13 209
13 214
13 213
13 215
13 212
14 208
14 210
14 211
14 209
14 214
14 213
14 215
14 212
62 216
62 217
62 218
62 219
60 216
60 217
60 218
60 219
61 216
61 217
61 218
61 219
63 216
63 217
63 218
63 219
214 7
214 4
214 5
214 6
213 7
213 4
213 5
213 6
215 7
215 4
215 5
215 6
212 7
212 4
212 5
212 6
216 62
216 60
216 61
216 63
217 62
217 60
217 61
217 63
218 62
218 60
218 61
218 63
219 62
219 60
219 61
219 63
7 214
7 213
7 215
7 212
4 214
4 213
4 215
4 212
5 214
5 213
5 215
5 212
6 214
6 213
6 215
6 212
7 130
7 250
7 251
7 249
7 248
7 128
7 131
7 129
4 130
4 250
4 251
4 249
4 248
4 128
4 131
4 129
130 7
130 4
130 5
130 6
250 7
250 4
250 5
250 6
251 7
251 4
251 5
251 6
249 7
249 4
249 5
249 6
248 7
248 4
248 5
248 6
128 7
128 4
128 5
128 6
131 7
131 4
131 5
131 6
5 130
5 250
5 251
5 249
5 248
5 128
5 131
5 129
6 130
6 250
6 251
6 249
6 248
6 128
6 131
6 129
129 7
129 4
129 5
129 6
130 221
130 223
130 220
130 222
250 1
250 3
250 2
250 0
216 66
216 67
216 64
216 65
251 1
251 3
251 2
251 0
249 1
249 3
249 2
249 0
248 1
248 3
248 2
248 0
217 66
217 67
217 64
217 65
218 66
218 67
218 64
218 65
219 66
219 67
219 64
219 65
128 221
128 223
128 220
128 222
131 221
131 223
131 220
131 222
129 221
129 223
129 220
129 222
66 216
66 217
66 218
66 219
67 216
67 217
67 218
67 219
64 216
64 217
64 218
64 219
65 216
65 217
65 218
65 219
221 130
221 128
221 131
221 129
223 130
223 128
223 131
223 129
220 130
220 128
220 131
220 129
222 130
222 128
222 131
222 129
1 250
1 251
1 249
1 248
3 250
3 251
3 249
3 248
2 250
2 251
2 249
2 248
0 250
0 251
0 249
0 248
66 221
66 223
66 220
66 222
67 221
67 223
67 220
67 222
64 221
64 223
64 220
64 222
65 221
65 223
65 220
65 222
221 66
221 67
221 64
221 65
221 1
221 3
221 2
221 0
223 66
223 67
223 64
223 65
223 1
223 3
223 2
223 0
220 66
220 67
220 64
220 65
220 1
220 3
220 2
220 0
222 66
222 67
222 64
222 65
222 1
222 3
222 2
222 0
1 221
1 223
1 220
1 222
3 221
3 223
3 220
3 222
2 221
2 223
2 220
2 222
0 221
0 223
0 220
0 222
