# Rows | Columns (Hamiltonian neighbor indices)
101 148
101 149
101 150
101 151
123 148
123 149
123 150
123 151
122 148
122 149
122 150
122 151
121 148
121 149
121 150
121 151
120 148
120 149
120 150
120 151
148 101
148 123
148 122
148 121
148 120
148 102
148 100
148 103
149 101
149 123
149 122
149 121
149 120
149 102
149 100
149 103
150 101
150 123
150 122
150 121
150 120
150 102
150 100
150 103
151 101
151 123
151 122
151 121
151 120
151 102
151 100
151 103
102 148
102 149
102 150
102 151
100 148
100 149
100 150
100 151
103 148
103 149
103 150
103 151
101 211
101 210
101 209
101 208
123 255
123 252
123 253
123 254
122 255
122 252
122 253
122 254
121 255
121 252
121 253
121 254
120 255
120 252
120 253
120 254
102 211
102 210
102 209
102 208
100 211
100 210
100 209
100 208
6 255
6 252
6 228
6 253
6 229
6 254
6 231
6 230
103 211
103 210
103 209
103 208
7 255
7 252
7 228
7 253
7 229
7 254
7 231
7 230
5 255
5 252
5 228
5 253
5 229
5 254
5 231
5 230
4 255
4 252
4 228
4 253
4 229
4 254
4 231
4 230
255 123
255 122
255 121
255 120
255 6
255 7
255 5
255 4
252 123
252 122
252 121
252 120
252 6
252 7
252 5
252 4
211 101
211 102
211 100
211 103
210 101
210 102
210 100
210 103
209 101
209 102
209 100
209 103
228 6
228 7
228 5
228 4
208 101
208 102
208 100
208 103
253 123
253 122
253 121
253 120
253 6
253 7
253 5
253 4
229 6
229 7
229 5
229 4
254 123
254 122
254 121
254 120
254 6
254 7
254 5
254 4
231 6
231 7
231 5
231 4
230 6
230 7
230 5
230 4
30 211
30 210
30 209
30 208
31 211
31 210
31 209
31 208
211 30
211 31
211 29
211 28
210 30
210 31
210 29
210 28
209 30
209 31
209 29
209 28
208 30
208 31
208 29
208 28
29 211
29 210
29 209
29 208
28 211
28 210
28 209
28 208
228 94
228 93
228 95
228 92
229 94
229 93
229 95
229 92
231 94
231 93
231 95
231 92
230 94
230 93
230 95
230 92
94 228
94 229
94 231
94 230
93 228
93 229
93 231
93 230
95 228
95 229
95 231
95 230
92 228
92 229
92 231
92 230
35 157
35 158
35 159
35 156
157 35
157 33
157 32
157 34
158 35
158 33
158 32
158 34
24 249
24 248
24 250
24 251
159 35
159 33
159 32
159 34
25 249
25 248
25 250
25 251
26 249
26 248
26 250
26 251
27 249
27 248
27 250
27 251
156 35
156 33
156 32
156 34
249 24
249 25
249 26
249 27
33 157
33 158
33 159
33 156
32 157
32 158
32 159
32 156
248 24
248 25
248 26
248 27
34 157
34 158
34 159
34 156
250 24
250 25
250 26
250 27
251 24
251 25
251 26
251 27
35 169
35 171
35 168
35 170
249 94
249 93
249 95
249 11
249 10
249 8
249 9
249 92
33 169
33 171
33 168
33 170
32 169
32 171
32 168
32 170
248 94
248 93
248 95
248 11
248 10
248 8
248 9
248 92
34 169
34 171
34 168
34 170
250 94
250 93
250 95
250 11
250 10
250 8
250 9
250 92
251 94
251 93
251 95
251 11
251 10
251 8
251 9
251 92
94 249
94 248
94 250
94 251
93 249
93 248
93 250
93 251
95 249
95 248
95 250
95 251
11 249
11 248
11 250
11 251
10 249
10 248
10 250
10 251
8 249
8 248
8 250
8 251
9 249
9 248
9 250
9 251
92 249
92 248
92 250
92 251
169 35
169 33
169 32
169 34
171 35
171 33
171 32
171 34
168 35
168 33
168 32
168 34
170 35
170 33
170 32
170 34
11 169
11 171
11 168
11 170
10 169
10 171
10 168
10 170
8 169
8 171
8 168
8 170
9 169
9 171
9 168
9 170
169 11
169 10
169 8
169 9
171 11
171 10
171 8
171 9
168 11
168 10
168 8
168 9
170 11
170 10
170 8
170 9
228 0
228 2
228 3
228 1
229 0
229 2
229 3
229 1
231 0
231 2
231 3
231 1
230 0
230 2
230 3
230 1
249 23
249 22
249 20
249 21
248 23
248 22
248 20
248 21
250 23
250 22
250 20
250 21
251 23
251 22
251 20
251 21
162 23
162 22
162 20
162 21
163 23
163 22
163 20
163 21
161 23
161 22
161 20
161 21
160 23
160 22
160 20
160 21
0 228
0 229
0 231
0 230
2 228
2 229
2 231
2 230
3 228
3 229
3 231
3 230
1 228
1 229
1 231
1 230
23 249
23 248
23 250
23 251
22 249
22 248
22 250
22 251
20 249
20 248
20 250
20 251
21 249
21 248
21 250
21 251
23 162
23 163
23 161
23 160
22 162
22 163
22 161
22 160
20 162
20 163
20 161
20 160
21 162
21 163
21 161
21 160
0 135
0 134
0 133
0 132
0 165
0 164
0 167
0 166
135 0
135 2
135 3
135 1
134 0
134 2
134 3
134 1
133 0
133 2
133 3
133 1
132 0
132 2
132 3
132 1
2 135
2 134
2 133
2 132
2 165
2 164
2 167
2 166
165 0
165 2
165 3
165 1
3 135
3 134
3 133
3 132
3 165
3 164
3 167
3 166
164 0
164 2
164 3
164 1
1 135
1 134
1 133
1 132
1 165
1 164
1 167
1 166
167 0
167 2
167 3
167 1
166 0
166 2
166 3
166 1
165 118
165 116
165 117
165 119
165 75
165 73
165 74
165 72
164 118
164 116
164 117
164 119
164 75
164 73
164 74
164 72
167 118
167 116
167 117
167 119
167 75
167 73
167 74
167 72
166 118
166 116
166 117
166 119
166 75
166 73
166 74
166 72
118 165
118 164
118 167
118 166
116 165
116 164
116 167
116 166
117 165
117 164
117 167
117 166
119 165
119 164
119 167
119 166
75 165
75 164
75 167
75 166
73 165
73 164
73 167
73 166
74 165
74 164
74 167
74 166
72 165
72 164
72 167
72 166
118 217
118 218
118 219
118 216
116 217
116 218
116 219
116 216
117 217
117 218
117 219
117 216
119 217
119 218
119 219
119 216
217 118
217 116
217 117
217 119
218 118
218 116
218 117
218 119
219 118
219 116
219 117
219 119
216 118
216 116
216 117
216 119
118 173
118 172
118 175
118 174
116 173
116 172
116 175
116 174
117 173
117 172
117 175
117 174
119 173
119 172
119 175
119 174
114 173
114 172
114 175
114 174
113 173
113 172
113 175
113 174
115 173
115 172
115 175
115 174
112 173
112 172
112 175
112 174
173 118
173 116
173 117
173 119
173 114
173 113
173 115
173 112
172 118
172 116
172 117
172 119
172 114
172 113
172 115
172 112
175 118
175 116
175 117
175 119
175 114
175 113
175 115
175 112
174 118
174 116
174 117
174 119
174 114
174 113
174 115
174 112
184 80
184 83
184 82
184 81
23 191
23 188
23 190
23 189
22 191
22 188
22 190
22 189
20 191
20 188
20 190
20 189
21 191
21 188
21 190
21 189
80 184
80 185
80 186
80 187
83 184
83 185
83 186
83 187
82 184
82 185
82 186
82 187
81 184
81 185
81 186
81 187
191 23
191 22
191 20
191 21
185 80
185 83
185 82
185 81
186 80
186 83
186 82
186 81
187 80
187 83
187 82
187 81
188 23
188 22
188 20
188 21
190 23
190 22
190 20
190 21
189 23
189 22
189 20
189 21
184 51
184 50
184 48
184 49
191 56
191 57
191 58
191 59
185 51
185 50
185 48
185 49
186 51
186 50
186 48
186 49
187 51
187 50
187 48
187 49
188 56
188 57
188 58
188 59
190 56
190 57
190 58
190 59
189 56
189 57
189 58
189 59
56 191
56 188
56 190
56 189
51 184
51 185
51 186
51 187
50 184
50 185
50 186
50 187
57 191
57 188
57 190
57 189
58 191
58 188
58 190
58 189
59 191
59 188
59 190
59 189
48 184
48 185
48 186
48 187
49 184
49 185
49 186
49 187
173 56
173 57
173 58
173 59
56 173
56 172
56 175
56 174
172 56
172 57
172 58
172 59
57 173
57 172
57 175
57 174
58 173
58 172
58 175
58 174
59 173
59 172
59 175
59 174
175 56
175 57
175 58
175 59
174 56
174 57
174 58
174 59
228 17
228 18
228 16
228 19
229 17
229 18
229 16
229 19
231 17
231 18
231 16
231 19
230 17
230 18
230 16
230 19
162 17
162 18
162 16
162 19
163 17
163 18
163 16
163 19
161 17
161 18
161 16
161 19
160 17
160 18
160 16
160 19
11 220
11 221
11 222
11 223
10 220
10 221
10 222
10 223
8 220
8 221
8 222
8 223
9 220
9 221
9 222
9 223
135 125
135 126
135 124
135 127
134 125
134 126
134 124
134 127
133 125
133 126
133 124
133 127
132 125
132 126
132 124
132 127
0 200
0 203
0 201
0 202
105 178
105 179
105 177
105 176
106 178
106 179
106 177
106 176
107 178
107 179
107 177
107 176
104 178
104 179
104 177
104 176
2 200
2 203
2 201
2 202
3 200
3 203
3 201
3 202
1 200
1 203
1 201
1 202
217 88
217 91
217 90
217 89
218 88
218 91
218 90
218 89
219 88
219 91
219 90
219 89
216 88
216 91
216 90
216 89
114 200
114 203
114 201
114 202
113 200
113 203
113 201
113 202
115 200
115 203
115 201
115 202
112 200
112 203
112 201
112 202
191 67
191 65
191 66
191 64
188 67
188 65
188 66
188 64
190 67
190 65
190 66
190 64
189 67
189 65
189 66
189 64
56 183
56 182
56 181
56 180
57 183
57 182
57 181
57 180
58 183
58 182
58 181
58 180
59 183
59 182
59 181
59 180
17 228
17 229
17 231
17 230
18 228
18 229
18 231
18 230
16 228
16 229
16 231
16 230
19 228
19 229
19 231
19 230
17 162
17 163
17 161
17 160
18 162
18 163
18 161
18 160
16 162
16 163
16 161
16 160
19 162
19 163
19 161
19 160
125 135
125 134
125 133
125 132
126 135
126 134
126 133
126 132
124 135
124 134
124 133
124 132
127 135
127 134
127 133
127 132
178 105
178 106
178 107
178 104
179 105
179 106
179 107
179 104
177 105
177 106
177 107
177 104
200 0
200 2
200 3
200 1
203 0
203 2
203 3
203 1
201 0
201 2
201 3
201 1
202 0
202 2
202 3
202 1
176 105
176 106
176 107
176 104
200 114
200 113
200 115
200 112
203 114
203 113
203 115
203 112
201 114
201 113
201 115
201 112
202 114
202 113
202 115
202 112
88 217
88 218
88 219
88 216
91 217
91 218
91 219
91 216
90 217
90 218
90 219
90 216
89 217
89 218
89 219
89 216
220 11
220 10
220 8
220 9
221 11
221 10
221 8
221 9
222 11
222 10
222 8
222 9
223 11
223 10
223 8
223 9
67 191
67 188
67 190
67 189
65 191
65 188
65 190
65 189
66 191
66 188
66 190
66 189
64 191
64 188
64 190
64 189
183 56
183 57
183 58
183 59
182 56
182 57
182 58
182 59
181 56
181 57
181 58
181 59
180 56
180 57
180 58
180 59
84 154
84 155
84 153
84 152
60 245
60 244
60 246
60 247
61 245
61 244
61 246
61 247
62 245
62 244
62 246
62 247
63 245
63 244
63 246
63 247
245 60
245 61
245 62
245 63
154 84
154 86
154 87
154 85
155 84
155 86
155 87
155 85
86 154
86 155
86 153
86 152
87 154
87 155
87 153
87 152
85 154
85 155
85 153
85 152
153 84
153 86
153 87
153 85
244 60
244 61
244 62
244 63
246 60
246 61
246 62
246 63
152 84
152 86
152 87
152 85
247 60
247 61
247 62
247 63
245 17
245 18
245 16
245 19
154 13
154 15
154 12
154 14
155 13
155 15
155 12
155 14
153 13
153 15
153 12
153 14
244 17
244 18
244 16
244 19
246 17
246 18
246 16
246 19
152 13
152 15
152 12
152 14
247 17
247 18
247 16
247 19
13 154
13 155
13 153
13 152
15 154
15 155
15 153
15 152
12 154
12 155
12 153
12 152
17 245
17 244
17 246
17 247
14 154
14 155
14 153
14 152
18 245
18 244
18 246
18 247
16 245
16 244
16 246
16 247
19 245
19 244
19 246
19 247
146 77
146 78
146 76
146 79
145 77
145 78
145 76
145 79
144 77
144 78
144 76
144 79
147 77
147 78
147 76
147 79
77 146
77 145
77 144
77 147
78 146
78 145
78 144
78 147
76 146
76 145
76 144
76 147
79 146
79 145
79 144
79 147
178 110
178 111
178 108
178 109
179 110
179 111
179 108
179 109
177 110
177 111
177 108
177 109
200 110
200 111
200 108
200 109
203 110
203 111
203 108
203 109
201 110
201 111
201 108
201 109
202 110
202 111
202 108
202 109
110 178
110 179
110 177
110 200
110 203
110 201
110 202
110 176
176 110
176 111
176 108
176 109
111 178
111 179
111 177
111 200
111 203
111 201
111 202
111 176
108 178
108 179
108 177
108 200
108 203
108 201
108 202
108 176
109 178
109 179
109 177
109 200
109 203
109 201
109 202
109 176
178 212
178 215
178 214
178 213
179 212
179 215
179 214
179 213
177 212
177 215
177 214
177 213
110 224
110 225
110 226
110 227
176 212
176 215
176 214
176 213
111 224
111 225
111 226
111 227
88 212
88 215
88 214
88 213
88 224
88 225
88 226
88 227
108 224
108 225
108 226
108 227
91 212
91 215
91 214
91 213
91 224
91 225
91 226
91 227
109 224
109 225
109 226
109 227
90 212
90 215
90 214
90 213
90 224
90 225
90 226
90 227
89 212
89 215
89 214
89 213
89 224
89 225
89 226
89 227
212 178
212 179
212 177
212 176
212 88
212 91
212 90
212 89
215 178
215 179
215 177
215 176
215 88
215 91
215 90
215 89
214 178
214 179
214 177
214 176
214 88
214 91
214 90
214 89
213 178
213 179
213 177
213 176
213 88
213 91
213 90
213 89
224 110
224 111
224 88
224 108
224 91
224 109
224 90
224 89
225 110
225 111
225 88
225 108
225 91
225 109
225 90
225 89
226 110
226 111
226 88
226 108
226 91
226 109
226 90
226 89
227 110
227 111
227 88
227 108
227 91
227 109
227 90
227 89
84 137
84 138
84 139
84 136
86 137
86 138
86 139
86 136
87 137
87 138
87 139
87 136
85 137
85 138
85 139
85 136
154 45
154 46
154 44
154 47
155 45
155 46
155 44
155 47
153 45
153 46
153 44
153 47
152 45
152 46
152 44
152 47
13 194
13 195
13 193
13 192
15 194
15 195
15 193
15 192
12 194
12 195
12 193
12 192
17 194
17 195
17 193
17 192
14 194
14 195
14 193
14 192
18 194
18 195
18 193
18 192
16 194
16 195
16 193
16 192
19 194
19 195
19 193
19 192
200 38
200 37
200 39
200 36
203 38
203 37
203 39
203 36
201 38
201 37
201 39
201 36
202 38
202 37
202 39
202 36
88 183
88 182
88 181
88 180
91 183
91 182
91 181
91 180
90 183
90 182
90 181
90 180
89 183
89 182
89 181
89 180
204 40
204 41
204 42
204 43
205 40
205 41
205 42
205 43
206 40
206 41
206 42
206 43
207 40
207 41
207 42
207 43
137 84
137 86
137 87
137 85
138 84
138 86
138 87
138 85
139 84
139 86
139 87
139 85
136 84
136 86
136 87
136 85
194 13
194 15
194 12
194 17
194 14
194 18
194 16
194 19
195 13
195 15
195 12
195 17
195 14
195 18
195 16
195 19
193 13
193 15
193 12
193 17
193 14
193 18
193 16
193 19
192 13
192 15
192 12
192 17
192 14
192 18
192 16
192 19
45 154
45 155
45 153
45 152
46 154
46 155
46 153
46 152
44 154
44 155
44 153
44 152
47 154
47 155
47 153
47 152
38 200
38 203
38 201
38 202
37 200
37 203
37 201
37 202
39 200
39 203
39 201
39 202
36 200
36 203
36 201
36 202
183 88
183 91
183 90
183 89
182 88
182 91
182 90
182 89
181 88
181 91
181 90
181 89
180 88
180 91
180 90
180 89
40 204
40 205
40 206
40 207
41 204
41 205
41 206
41 207
42 204
42 205
42 206
42 207
43 204
43 205
43 206
43 207
194 52
194 53
194 54
194 55
195 52
195 53
195 54
195 55
193 52
193 53
193 54
193 55
192 52
192 53
192 54
192 55
137 52
137 53
137 54
137 55
137 45
137 46
137 44
137 47
138 52
138 53
138 54
138 55
138 45
138 46
138 44
138 47
139 52
139 53
139 54
139 55
139 45
139 46
139 44
139 47
136 52
136 53
136 54
136 55
136 45
136 46
136 44
136 47
68 131
68 130
68 129
68 128
71 131
71 130
71 129
71 128
70 131
70 130
70 129
70 128
69 131
69 130
69 129
69 128
131 68
131 71
131 70
131 69
130 68
130 71
130 70
130 69
129 68
129 71
129 70
129 69
52 194
52 195
52 193
52 192
52 137
52 138
52 139
52 136
53 194
53 195
53 193
53 192
53 137
53 138
53 139
53 136
54 194
54 195
54 193
54 192
54 137
54 138
54 139
54 136
55 194
55 195
55 193
55 192
55 137
55 138
55 139
55 136
128 68
128 71
128 70
128 69
45 137
45 138
45 139
45 136
46 137
46 138
46 139
46 136
44 137
44 138
44 139
44 136
47 137
47 138
47 139
47 136
52 232
52 234
52 235
52 233
53 232
53 234
53 235
53 233
54 232
54 234
54 235
54 233
55 232
55 234
55 235
55 233
232 52
232 53
232 54
232 55
234 52
234 53
234 54
234 55
235 52
235 53
235 54
235 55
233 52
233 53
233 54
233 55
194 38
194 37
194 39
194 36
195 38
195 37
195 39
195 36
193 38
193 37
193 39
193 36
192 38
192 37
192 39
192 36
52 238
52 237
52 239
52 236
53 238
53 237
53 239
53 236
54 238
54 237
54 239
54 236
55 238
55 237
55 239
55 236
38 194
38 195
38 193
38 192
37 194
37 195
37 193
37 192
39 194
39 195
39 193
39 192
36 194
36 195
36 193
36 192
238 52
238 53
238 54
238 55
237 52
237 53
237 54
237 55
239 52
239 53
239 54
239 55
236 52
236 53
236 54
236 55
197 96
197 99
197 98
197 97
238 96
238 99
238 98
238 97
237 96
237 99
237 98
237 97
239 96
239 99
239 98
239 97
96 197
96 238
96 237
96 239
96 236
96 198
96 196
96 199
99 197
99 238
99 237
99 239
99 236
99 198
99 196
99 199
98 197
98 238
98 237
98 239
98 236
98 198
98 196
98 199
97 197
97 238
97 237
97 239
97 236
97 198
97 196
97 199
236 96
236 99
236 98
236 97
198 96
198 99
198 98
198 97
196 96
196 99
196 98
196 97
199 96
199 99
199 98
199 97
197 40
197 41
197 42
197 43
238 67
238 65
238 66
238 64
237 67
237 65
237 66
237 64
239 67
239 65
239 66
239 64
96 240
96 243
96 242
96 241
99 240
99 243
99 242
99 241
98 240
98 243
98 242
98 241
97 240
97 243
97 242
97 241
236 67
236 65
236 66
236 64
198 40
198 41
198 42
198 43
38 183
38 182
38 181
38 180
196 40
196 41
196 42
196 43
37 183
37 182
37 181
37 180
199 40
199 41
199 42
199 43
39 183
39 182
39 181
39 180
36 183
36 182
36 181
36 180
67 238
67 237
67 239
67 236
65 238
65 237
65 239
65 236
66 238
66 237
66 239
66 236
64 238
64 237
64 239
64 236
240 96
240 99
240 98
240 97
243 96
243 99
243 98
243 97
242 96
242 99
242 98
242 97
241 96
241 99
241 98
241 97
40 197
40 198
40 196
40 199
41 197
41 198
41 196
41 199
42 197
42 198
42 196
42 199
183 38
183 37
183 39
183 36
182 38
182 37
182 39
182 36
43 197
43 198
43 196
43 199
181 38
181 37
181 39
181 36
180 38
180 37
180 39
180 36
67 240
67 243
67 242
67 241
65 240
65 243
65 242
65 241
66 240
66 243
66 242
66 241
64 240
64 243
64 242
64 241
240 67
240 65
240 66
240 64
240 40
240 41
240 42
240 43
243 67
243 65
243 66
243 64
243 40
243 41
243 42
243 43
242 67
242 65
242 66
242 64
242 40
242 41
242 42
242 43
241 67
241 65
241 66
241 64
241 40
241 41
241 42
241 43
40 240
40 243
40 242
40 241
40 183
40 182
40 181
40 180
41 240
41 243
41 242
41 241
41 183
41 182
41 181
41 180
42 240
42 243
42 242
42 241
42 183
42 182
42 181
42 180
183 40
183 41
183 42
183 43
182 40
182 41
182 42
182 43
43 240
43 243
43 242
43 241
43 183
43 182
43 181
43 180
181 40
181 41
181 42
181 43
180 40
180 41
180 42
180 43
