# Rows | Columns (Hamiltonian neighbor indices)
119 173
119 172
119 174
119 175
173 119
173 116
173 117
173 118
172 119
172 116
172 117
172 118
174 119
174 116
174 117
174 118
175 119
175 116
175 117
175 118
116 173
116 172
116 174
116 175
117 173
117 172
117 174
117 175
118 173
118 172
118 174
118 175
219 3
219 1
219 0
219 2
216 3
216 1
216 0
216 2
217 3
217 1
217 0
217 2
218 3
218 1
218 0
218 2
3 219
3 216
3 217
3 218
1 219
1 216
1 217
1 218
0 219
0 216
0 217
0 218
2 219
2 216
2 217
2 218
215 92
215 93
215 94
215 95
214 92
214 93
214 94
214 95
213 92
213 93
213 94
213 95
92 215
92 214
92 213
92 212
93 215
93 214
93 213
93 212
94 215
94 214
94 213
94 212
95 215
95 214
95 213
95 212
212 92
212 93
212 94
212 95
179 35
179 34
179 33
179 32
92 145
92 147
92 144
92 146
93 145
93 147
93 144
93 146
94 145
94 147
94 144
94 146
95 145
95 147
95 144
95 146
177 35
177 34
177 33
177 32
178 35
178 34
178 33
178 32
176 35
176 34
176 33
176 32
145 92
145 93
145 94
145 95
147 92
147 93
147 94
147 95
144 92
144 93
144 94
144 95
35 179
35 177
35 178
35 176
34 179
34 177
34 178
34 176
33 179
33 177
33 178
33 176
32 179
32 177
32 178
32 176
146 92
146 93
146 94
146 95
3 247
3 244
3 245
3 246
247 3
247 1
247 0
247 2
244 3
244 1
244 0
244 2
245 3
245 1
245 0
245 2
246 3
246 1
246 0
246 2
1 247
1 244
1 245
1 246
0 247
0 244
0 245
0 246
2 247
2 244
2 245
2 246
171 122
171 120
171 121
171 123
169 122
169 120
169 121
169 123
170 122
170 120
170 121
170 123
168 122
168 120
168 121
168 123
60 131
60 130
60 128
60 129
63 131
63 130
63 128
63 129
61 131
61 130
61 128
61 129
62 131
62 130
62 128
62 129
122 171
122 169
122 170
122 168
120 171
120 169
120 170
120 168
121 171
121 169
121 170
121 168
123 171
123 169
123 170
123 168
131 60
131 63
131 61
131 62
130 60
130 63
130 61
130 62
128 60
128 63
128 61
128 62
129 60
129 63
129 61
129 62
83 184
83 185
83 186
83 187
82 184
82 185
82 186
82 187
81 184
81 185
81 186
81 187
80 184
80 185
80 186
80 187
184 83
184 82
184 81
184 80
185 83
185 82
185 81
185 80
186 83
186 82
186 81
186 80
187 83
187 82
187 81
187 80
184 30
184 28
184 31
184 29
185 30
185 28
185 31
185 29
186 30
186 28
186 31
186 29
187 30
187 28
187 31
187 29
30 184
30 185
30 186
30 187
28 184
28 185
28 186
28 187
31 184
31 185
31 186
31 187
29 184
29 185
29 186
29 187
219 50
219 48
219 51
219 20
219 23
219 22
219 21
219 49
216 50
216 48
216 51
216 20
216 23
216 22
216 21
216 49
217 50
217 48
217 51
217 20
217 23
217 22
217 21
217 49
218 50
218 48
218 51
218 20
218 23
218 22
218 21
218 49
225 108
225 111
225 110
225 109
224 108
224 111
224 110
224 109
190 24
190 26
190 25
190 27
226 108
226 111
226 110
226 109
227 108
227 111
227 110
227 109
191 24
191 26
191 25
191 27
189 24
189 26
189 25
189 27
188 24
188 26
188 25
188 27
50 219
50 216
50 217
50 218
48 219
48 216
48 217
48 218
51 219
51 216
51 217
51 218
20 219
20 216
20 217
20 218
23 219
23 216
23 217
23 218
22 219
22 216
22 217
22 218
21 219
21 216
21 217
21 218
49 219
49 216
49 217
49 218
108 225
108 224
108 226
108 227
111 225
111 224
111 226
111 227
110 225
110 224
110 226
110 227
109 225
109 224
109 226
109 227
24 190
24 191
24 189
24 188
26 190
26 191
26 189
26 188
25 190
25 191
25 189
25 188
27 190
27 191
27 189
27 188
17 152
17 153
17 154
17 155
19 152
19 153
19 154
19 155
18 152
18 153
18 154
18 155
16 152
16 153
16 154
16 155
152 17
152 19
152 18
152 16
153 17
153 19
153 18
153 16
154 17
154 19
154 18
154 16
155 17
155 19
155 18
155 16
196 84
196 87
196 85
196 86
197 84
197 87
197 85
197 86
198 84
198 87
198 85
198 86
199 84
199 87
199 85
199 86
84 196
84 197
84 198
84 199
87 196
87 197
87 198
87 199
85 196
85 197
85 198
85 199
86 196
86 197
86 198
86 199
11 255
11 252
11 253
11 254
10 255
10 252
10 253
10 254
9 255
9 252
9 253
9 254
8 255
8 252
8 253
8 254
255 11
255 10
255 9
255 8
252 11
252 10
252 9
252 8
253 11
253 10
253 9
253 8
254 11
254 10
254 9
254 8
255 5
255 4
255 6
255 7
252 5
252 4
252 6
252 7
253 5
253 4
253 6
253 7
254 5
254 4
254 6
254 7
5 255
5 252
5 253
5 254
4 255
4 252
4 253
4 254
6 255
6 252
6 253
6 254
7 255
7 252
7 253
7 254
157 24
157 26
157 25
157 27
158 24
158 26
158 25
158 27
159 24
159 26
159 25
159 27
156 24
156 26
156 25
156 27
24 157
24 158
24 159
24 156
26 157
26 158
26 159
26 156
25 157
25 158
25 159
25 156
27 157
27 158
27 159
27 156
