# Rows | Columns (Hamiltonian neighbor indices)
73 211
73 210
73 209
73 208
73 189
73 190
73 191
73 188
211 73
211 72
211 74
211 75
210 73
210 72
210 74
210 75
209 73
209 72
209 74
209 75
72 211
72 210
72 209
72 208
72 189
72 190
72 191
72 188
208 73
208 72
208 74
208 75
189 73
189 72
189 74
189 75
74 211
74 210
74 209
74 208
74 189
74 190
74 191
74 188
190 73
190 72
190 74
190 75
191 73
191 72
191 74
191 75
75 211
75 210
75 209
75 208
75 189
75 190
75 191
75 188
188 73
188 72
188 74
188 75
189 117
189 119
189 116
189 118
190 117
190 119
190 116
190 118
191 117
191 119
191 116
191 118
188 117
188 119
188 116
188 118
117 189
117 190
117 191
117 188
119 189
119 190
119 191
119 188
116 189
116 190
116 191
116 188
118 189
118 190
118 191
118 188
117 248
117 249
117 250
117 251
119 248
119 249
119 250
119 251
116 248
116 249
116 250
116 251
118 248
118 249
118 250
118 251
248 117
248 119
248 116
248 118
249 117
249 119
249 116
249 118
250 117
250 119
250 116
250 118
251 117
251 119
251 116
251 118
177 122
177 121
177 120
177 123
179 122
179 121
179 120
179 123
178 122
178 121
178 120
178 123
176 122
176 121
176 120
176 123
189 122
189 121
189 120
189 123
190 122
190 121
190 120
190 123
191 122
191 121
191 120
191 123
188 122
188 121
188 120
188 123
247 1
247 3
247 2
247 0
246 1
246 3
246 2
246 0
245 1
245 3
245 2
245 0
244 1
244 3
244 2
244 0
122 177
122 179
122 178
122 176
122 189
122 190
122 191
122 188
121 177
121 179
121 178
121 176
121 189
121 190
121 191
121 188
120 177
120 179
120 178
120 176
120 189
120 190
120 191
120 188
123 177
123 179
123 178
123 176
123 189
123 190
123 191
123 188
1 247
1 246
1 245
1 244
3 247
3 246
3 245
3 244
2 247
2 246
2 245
2 244
0 247
0 246
0 245
0 244
1 128
1 129
1 130
1 131
85 128
85 129
85 130
85 131
122 128
122 129
122 130
122 131
121 128
121 129
121 130
121 131
120 128
120 129
120 130
120 131
123 128
123 129
123 130
123 131
3 128
3 129
3 130
3 131
2 128
2 129
2 130
2 131
86 128
86 129
86 130
86 131
84 128
84 129
84 130
84 131
87 128
87 129
87 130
87 131
128 1
128 85
128 122
128 121
128 120
128 123
128 3
128 2
128 86
128 84
128 87
128 0
129 1
129 85
129 122
129 121
129 120
129 123
129 3
129 2
129 86
129 84
129 87
129 0
130 1
130 85
130 122
130 121
130 120
130 123
130 3
130 2
130 86
130 84
130 87
130 0
131 1
131 85
131 122
131 121
131 120
131 123
131 3
131 2
131 86
131 84
131 87
131 0
0 128
0 129
0 130
0 131
1 253
1 254
1 255
1 252
3 253
3 254
3 255
3 252
2 253
2 254
2 255
2 252
128 115
128 114
128 113
128 112
129 115
129 114
129 113
129 112
130 115
130 114
130 113
130 112
131 115
131 114
131 113
131 112
0 253
0 254
0 255
0 252
253 1
253 3
253 2
253 0
254 1
254 3
254 2
254 0
255 1
255 3
255 2
255 0
115 128
115 129
115 130
115 131
114 128
114 129
114 130
114 131
252 1
252 3
252 2
252 0
113 128
113 129
113 130
113 131
112 128
112 129
112 130
112 131
115 163
115 162
115 161
115 160
114 163
114 162
114 161
114 160
113 163
113 162
113 161
113 160
112 163
112 162
112 161
112 160
163 115
163 114
163 113
163 112
163 127
163 126
163 125
163 124
162 115
162 114
162 113
162 112
162 127
162 126
162 125
162 124
161 115
161 114
161 113
161 112
161 127
161 126
161 125
161 124
127 163
127 162
127 161
127 160
126 163
126 162
126 161
126 160
125 163
125 162
125 161
125 160
124 163
124 162
124 161
124 160
160 115
160 114
160 113
160 112
160 127
160 126
160 125
160 124
248 47
248 46
248 45
248 44
247 102
247 103
247 100
247 101
246 102
246 103
246 100
246 101
245 102
245 103
245 100
245 101
244 102
244 103
244 100
244 101
249 47
249 46
249 45
249 44
250 47
250 46
250 45
250 44
251 47
251 46
251 45
251 44
85 236
85 237
85 239
85 238
86 236
86 237
86 239
86 238
84 236
84 237
84 239
84 238
87 236
87 237
87 239
87 238
253 59
253 56
253 58
253 57
254 59
254 56
254 58
254 57
255 59
255 56
255 58
255 57
252 59
252 56
252 58
252 57
47 248
47 249
47 250
47 251
46 248
46 249
46 250
46 251
45 248
45 249
45 250
45 251
44 248
44 249
44 250
44 251
102 247
102 246
102 245
102 244
103 247
103 246
103 245
103 244
100 247
100 246
100 245
100 244
101 247
101 246
101 245
101 244
236 85
236 86
236 84
236 87
237 85
237 86
237 84
237 87
239 85
239 86
239 84
239 87
238 85
238 86
238 84
238 87
59 253
59 254
59 255
59 252
56 253
56 254
56 255
56 252
58 253
58 254
58 255
58 252
57 253
57 254
57 255
57 252
236 47
236 46
236 45
236 44
237 47
237 46
237 45
237 44
239 47
239 46
239 45
239 44
238 47
238 46
238 45
238 44
228 47
228 46
228 45
228 44
228 102
228 103
228 100
228 101
47 236
47 237
47 239
47 238
47 228
47 231
47 229
47 230
46 236
46 237
46 239
46 238
46 228
46 231
46 229
46 230
45 236
45 237
45 239
45 238
45 228
45 231
45 229
45 230
44 236
44 237
44 239
44 238
44 228
44 231
44 229
44 230
102 228
102 231
102 229
102 230
103 228
103 231
103 229
103 230
100 228
100 231
100 229
100 230
101 228
101 231
101 229
101 230
231 47
231 46
231 45
231 44
231 102
231 103
231 100
231 101
229 47
229 46
229 45
229 44
229 102
229 103
229 100
229 101
230 47
230 46
230 45
230 44
230 102
230 103
230 100
230 101
228 5
228 4
228 7
228 6
47 206
47 207
47 205
47 204
46 206
46 207
46 205
46 204
45 206
45 207
45 205
45 204
44 206
44 207
44 205
44 204
231 5
231 4
231 7
231 6
229 5
229 4
229 7
229 6
230 5
230 4
230 7
230 6
206 47
206 46
206 45
206 44
207 47
207 46
207 45
207 44
205 47
205 46
205 45
205 44
204 47
204 46
204 45
204 44
5 228
5 231
5 229
5 230
4 228
4 231
4 229
4 230
7 228
7 231
7 229
7 230
6 228
6 231
6 229
6 230
206 108
206 111
206 110
206 109
207 108
207 111
207 110
207 109
205 108
205 111
205 110
205 109
204 108
204 111
204 110
204 109
5 141
5 142
5 143
5 140
141 5
141 4
141 7
141 6
142 5
142 4
142 7
142 6
143 5
143 4
143 7
143 6
140 5
140 4
140 7
140 6
108 206
108 207
108 205
108 204
111 206
111 207
111 205
111 204
110 206
110 207
110 205
110 204
109 206
109 207
109 205
109 204
4 141
4 142
4 143
4 140
7 141
7 142
7 143
7 140
6 141
6 142
6 143
6 140
206 31
206 29
206 28
206 30
207 31
207 29
207 28
207 30
205 31
205 29
205 28
205 30
204 31
204 29
204 28
204 30
5 219
5 218
5 217
5 216
4 219
4 218
4 217
4 216
7 219
7 218
7 217
7 216
6 219
6 218
6 217
6 216
31 206
31 207
31 205
31 204
219 5
219 4
219 7
219 6
218 5
218 4
218 7
218 6
29 206
29 207
29 205
29 204
28 206
28 207
28 205
28 204
217 5
217 4
217 7
217 6
216 5
216 4
216 7
216 6
30 206
30 207
30 205
30 204
31 219
31 218
31 217
31 216
219 31
219 29
219 28
219 77
219 76
219 78
219 79
219 30
218 31
218 29
218 28
218 77
218 76
218 78
218 79
218 30
29 219
29 218
29 217
29 216
28 219
28 218
28 217
28 216
217 31
217 29
217 28
217 77
217 76
217 78
217 79
217 30
77 219
77 218
77 217
77 216
76 219
76 218
76 217
76 216
216 31
216 29
216 28
216 77
216 76
216 78
216 79
216 30
78 219
78 218
78 217
78 216
79 219
79 218
79 217
79 216
30 219
30 218
30 217
30 216
24 148
24 149
24 150
24 151
77 148
77 149
77 150
77 151
76 148
76 149
76 150
76 151
78 148
78 149
78 150
78 151
79 148
79 149
79 150
79 151
25 148
25 149
25 150
25 151
26 148
26 149
26 150
26 151
27 148
27 149
27 150
27 151
148 24
148 77
148 76
148 78
148 79
148 25
148 26
148 27
149 24
149 77
149 76
149 78
149 79
149 25
149 26
149 27
150 24
150 77
150 76
150 78
150 79
150 25
150 26
150 27
151 24
151 77
151 76
151 78
151 79
151 25
151 26
151 27
148 105
148 106
148 107
148 104
149 105
149 106
149 107
149 104
150 105
150 106
150 107
150 104
151 105
151 106
151 107
151 104
59 200
59 201
59 202
59 203
56 200
56 201
56 202
56 203
58 200
58 201
58 202
58 203
57 200
57 201
57 202
57 203
105 148
105 149
105 150
105 151
106 148
106 149
106 150
106 151
107 148
107 149
107 150
107 151
104 148
104 149
104 150
104 151
200 59
200 56
200 58
200 57
201 59
201 56
201 58
201 57
202 59
202 56
202 58
202 57
203 59
203 56
203 58
203 57
211 66
211 67
211 64
211 65
210 66
210 67
210 64
210 65
209 66
209 67
209 64
209 65
208 66
208 67
208 64
208 65
247 66
247 67
247 64
247 65
246 66
246 67
246 64
246 65
245 66
245 67
245 64
245 65
244 66
244 67
244 64
244 65
1 132
1 133
1 134
1 135
3 132
3 133
3 134
3 135
2 132
2 133
2 134
2 135
0 132
0 133
0 134
0 135
127 212
127 214
127 215
127 213
126 212
126 214
126 215
126 213
125 212
125 214
125 215
125 213
124 212
124 214
124 215
124 213
253 90
253 91
253 89
253 88
254 90
254 91
254 89
254 88
255 90
255 91
255 89
255 88
252 90
252 91
252 89
252 88
102 152
102 154
102 155
102 153
103 152
103 154
103 155
103 153
100 152
100 154
100 155
100 153
101 152
101 154
101 155
101 153
141 83
141 80
141 81
141 82
142 83
142 80
142 81
142 82
143 83
143 80
143 81
143 82
140 83
140 80
140 81
140 82
5 144
5 145
5 146
5 147
4 144
4 145
4 146
4 147
7 144
7 145
7 146
7 147
6 144
6 145
6 146
6 147
77 222
77 223
77 221
77 220
76 222
76 223
76 221
76 220
78 222
78 223
78 221
78 220
79 222
79 223
79 221
79 220
200 9
200 8
200 10
200 11
201 9
201 8
201 10
201 11
202 9
202 8
202 10
202 11
203 9
203 8
203 10
203 11
66 211
66 210
66 209
66 208
67 211
67 210
67 209
67 208
64 211
64 210
64 209
64 208
65 211
65 210
65 209
65 208
66 247
66 246
66 245
66 244
67 247
67 246
67 245
67 244
64 247
64 246
64 245
64 244
65 247
65 246
65 245
65 244
152 102
152 103
152 100
152 101
154 102
154 103
154 100
154 101
155 102
155 103
155 100
155 101
153 102
153 103
153 100
153 101
83 141
83 142
83 143
83 140
80 141
80 142
80 143
80 140
81 141
81 142
81 143
81 140
82 141
82 142
82 143
82 140
144 5
144 4
144 7
144 6
145 5
145 4
145 7
145 6
146 5
146 4
146 7
146 6
147 5
147 4
147 7
147 6
132 1
132 3
132 2
132 0
133 1
133 3
133 2
133 0
134 1
134 3
134 2
134 0
135 1
135 3
135 2
135 0
212 127
212 126
212 125
212 124
214 127
214 126
214 125
214 124
215 127
215 126
215 125
215 124
213 127
213 126
213 125
213 124
90 253
90 254
90 255
90 252
91 253
91 254
91 255
91 252
89 253
89 254
89 255
89 252
88 253
88 254
88 255
88 252
222 77
222 76
222 78
222 79
223 77
223 76
223 78
223 79
221 77
221 76
221 78
221 79
220 77
220 76
220 78
220 79
9 200
9 201
9 202
9 203
8 200
8 201
8 202
8 203
10 200
10 201
10 202
10 203
11 200
11 201
11 202
11 203
158 55
158 52
158 54
158 53
156 55
156 52
156 54
156 53
157 55
157 52
157 54
157 53
55 158
55 156
55 157
55 159
159 55
159 52
159 54
159 53
52 158
52 156
52 157
52 159
54 158
54 156
54 157
54 159
53 158
53 156
53 157
53 159
61 152
61 154
61 155
61 153
63 152
63 154
63 155
63 153
60 152
60 154
60 155
60 153
227 94
227 93
227 95
227 92
227 66
227 67
227 64
227 65
62 152
62 154
62 155
62 153
224 94
224 93
224 95
224 92
224 66
224 67
224 64
224 65
225 94
225 93
225 95
225 92
225 66
225 67
225 64
225 65
226 94
226 93
226 95
226 92
226 66
226 67
226 64
226 65
152 61
152 63
152 60
152 62
154 61
154 63
154 60
154 62
155 61
155 63
155 60
155 62
94 227
94 224
94 225
94 226
93 227
93 224
93 225
93 226
95 227
95 224
95 225
95 226
92 227
92 224
92 225
92 226
153 61
153 63
153 60
153 62
66 227
66 224
66 225
66 226
67 227
67 224
67 225
67 226
64 227
64 224
64 225
64 226
65 227
65 224
65 225
65 226
152 94
152 93
152 95
152 92
154 94
154 93
154 95
154 92
155 94
155 93
155 95
155 92
94 152
94 154
94 155
94 153
94 170
94 169
94 168
94 171
93 152
93 154
93 155
93 153
93 170
93 169
93 168
93 171
95 152
95 154
95 155
95 153
95 170
95 169
95 168
95 171
92 152
92 154
92 155
92 153
92 170
92 169
92 168
92 171
153 94
153 93
153 95
153 92
170 94
170 93
170 95
170 92
169 94
169 93
169 95
169 92
168 94
168 93
168 95
168 92
171 94
171 93
171 95
171 92
152 12
152 14
152 13
152 15
154 12
154 14
154 13
154 15
155 12
155 14
155 13
155 15
153 12
153 14
153 13
153 15
12 152
12 154
12 155
12 153
14 152
14 154
14 155
14 153
13 152
13 154
13 155
13 153
15 152
15 154
15 155
15 153
51 196
51 197
51 199
51 198
83 196
83 197
83 199
83 198
80 196
80 197
80 199
80 198
81 196
81 197
81 199
81 198
48 196
48 197
48 199
48 198
82 196
82 197
82 199
82 198
196 51
196 83
196 80
196 81
196 48
196 82
196 19
196 18
196 17
196 16
196 50
196 49
197 51
197 83
197 80
197 81
197 48
197 82
197 19
197 18
197 17
197 16
197 50
197 49
19 196
19 197
19 199
19 198
18 196
18 197
18 199
18 198
17 196
17 197
17 199
17 198
16 196
16 197
16 199
16 198
199 51
199 83
199 80
199 81
199 48
199 82
199 19
199 18
199 17
199 16
199 50
199 49
198 51
198 83
198 80
198 81
198 48
198 82
198 19
198 18
198 17
198 16
198 50
198 49
50 196
50 197
50 199
50 198
49 196
49 197
49 199
49 198
51 144
51 145
51 146
51 147
48 144
48 145
48 146
48 147
196 12
196 14
196 13
196 15
197 12
197 14
197 13
197 15
199 12
199 14
199 13
199 15
198 12
198 14
198 13
198 15
50 144
50 145
50 146
50 147
49 144
49 145
49 146
49 147
12 196
12 197
12 199
12 198
14 196
14 197
14 199
14 198
13 196
13 197
13 199
13 198
15 196
15 197
15 199
15 198
144 51
144 48
144 50
144 49
145 51
145 48
145 50
145 49
146 51
146 48
146 50
146 49
147 51
147 48
147 50
147 49
12 233
12 234
12 235
12 232
14 233
14 234
14 235
14 232
13 233
13 234
13 235
13 232
15 233
15 234
15 235
15 232
233 12
233 14
233 13
233 15
144 39
144 38
144 37
144 36
145 39
145 38
145 37
145 36
146 39
146 38
146 37
146 36
147 39
147 38
147 37
147 36
39 144
39 145
39 146
39 147
38 144
38 145
38 146
38 147
37 144
37 145
37 146
37 147
234 12
234 14
234 13
234 15
235 12
235 14
235 13
235 15
232 12
232 14
232 13
232 15
36 144
36 145
36 146
36 147
170 35
170 33
170 34
170 32
169 35
169 33
169 34
169 32
168 35
168 33
168 34
168 32
171 35
171 33
171 34
171 32
39 222
39 223
39 221
39 220
38 222
38 223
38 221
38 220
37 222
37 223
37 221
37 220
36 222
36 223
36 221
36 220
233 70
233 69
233 68
233 71
39 183
39 182
39 180
39 181
38 183
38 182
38 180
38 181
37 183
37 182
37 180
37 181
234 70
234 69
234 68
234 71
235 70
235 69
235 68
235 71
232 70
232 69
232 68
232 71
36 183
36 182
36 180
36 181
35 170
35 169
35 168
35 171
33 170
33 169
33 168
33 171
34 170
34 169
34 168
34 171
32 170
32 169
32 168
32 171
222 39
222 38
222 37
222 36
223 39
223 38
223 37
223 36
221 39
221 38
221 37
221 36
220 39
220 38
220 37
220 36
183 39
183 38
183 37
183 36
182 39
182 38
182 37
182 36
180 39
180 38
180 37
180 36
181 39
181 38
181 37
181 36
70 233
70 234
70 235
70 232
69 233
69 234
69 235
69 232
68 233
68 234
68 235
68 232
71 233
71 234
71 235
71 232
212 43
212 42
212 41
212 40
43 212
43 214
43 215
43 213
42 212
42 214
42 215
42 213
41 212
41 214
41 215
41 213
35 132
35 133
35 134
35 135
33 132
33 133
33 134
33 135
34 132
34 133
34 134
34 135
40 212
40 214
40 215
40 213
214 43
214 42
214 41
214 40
132 35
132 33
132 34
132 32
215 43
215 42
215 41
215 40
133 35
133 33
133 34
133 32
134 35
134 33
134 34
134 32
135 35
135 33
135 34
135 32
213 43
213 42
213 41
213 40
32 132
32 133
32 134
32 135
35 173
35 172
35 174
35 175
33 173
33 172
33 174
33 175
34 173
34 172
34 174
34 175
32 173
32 172
32 174
32 175
173 35
173 33
173 34
173 32
172 35
172 33
172 34
172 32
174 35
174 33
174 34
174 32
175 35
175 33
175 34
175 32
173 21
173 22
173 20
173 23
172 21
172 22
172 20
172 23
174 21
174 22
174 20
174 23
175 21
175 22
175 20
175 23
21 173
21 172
21 174
21 175
21 240
21 241
21 243
21 242
21 193
21 194
21 195
21 192
22 173
22 172
22 174
22 175
22 240
22 241
22 243
22 242
22 193
22 194
22 195
22 192
240 21
240 22
240 20
240 23
20 173
20 172
20 174
20 175
20 240
20 241
20 243
20 242
20 193
20 194
20 195
20 192
23 173
23 172
23 174
23 175
23 240
23 241
23 243
23 242
23 193
23 194
23 195
23 192
241 21
241 22
241 20
241 23
243 21
243 22
243 20
243 23
242 21
242 22
242 20
242 23
193 21
193 22
193 20
193 23
194 21
194 22
194 20
194 23
195 21
195 22
195 20
195 23
192 21
192 22
192 20
192 23
240 90
240 91
240 89
240 88
241 90
241 91
241 89
241 88
243 90
243 91
243 89
243 88
242 90
242 91
242 89
242 88
193 9
193 8
193 10
193 11
194 9
194 8
194 10
194 11
195 9
195 8
195 10
195 11
192 9
192 8
192 10
192 11
240 70
240 69
240 68
240 71
241 70
241 69
241 68
241 71
243 70
243 69
243 68
243 71
242 70
242 69
242 68
242 71
9 193
9 194
9 195
9 192
90 240
90 241
90 243
90 242
8 193
8 194
8 195
8 192
91 240
91 241
91 243
91 242
89 240
89 241
89 243
89 242
88 240
88 241
88 243
88 242
10 193
10 194
10 195
10 192
11 193
11 194
11 195
11 192
70 240
70 241
70 243
70 242
69 240
69 241
69 243
69 242
68 240
68 241
68 243
68 242
71 240
71 241
71 243
71 242
90 222
90 223
90 221
90 220
222 90
222 91
222 89
222 88
223 90
223 91
223 89
223 88
221 90
221 91
221 89
221 88
220 90
220 91
220 89
220 88
91 222
91 223
91 221
91 220
89 222
89 223
89 221
89 220
88 222
88 223
88 221
88 220
136 99
136 98
136 97
136 96
139 99
139 98
139 97
139 96
138 99
138 98
138 97
138 96
137 99
137 98
137 97
137 96
99 136
99 139
99 138
99 137
98 136
98 139
98 138
98 137
97 136
97 139
97 138
97 137
96 136
96 139
96 138
96 137
183 99
183 98
183 97
183 96
183 70
183 69
183 68
183 71
182 99
182 98
182 97
182 96
182 70
182 69
182 68
182 71
180 99
180 98
180 97
180 96
180 70
180 69
180 68
180 71
181 99
181 98
181 97
181 96
181 70
181 69
181 68
181 71
187 99
187 98
187 97
187 96
186 99
186 98
186 97
186 96
99 183
99 182
99 180
99 181
99 187
99 186
99 185
99 184
98 183
98 182
98 180
98 181
98 187
98 186
98 185
98 184
97 183
97 182
97 180
97 181
97 187
97 186
97 185
97 184
96 183
96 182
96 180
96 181
96 187
96 186
96 185
96 184
185 99
185 98
185 97
185 96
70 183
70 182
70 180
70 181
69 183
69 182
69 180
69 181
68 183
68 182
68 180
68 181
184 99
184 98
184 97
184 96
71 183
71 182
71 180
71 181
