# Rows | Columns (Hamiltonian neighbor indices)
27 227
27 226
27 225
27 224
25 227
25 226
25 225
25 224
26 227
26 226
26 225
26 224
24 227
24 226
24 225
24 224
32 227
32 226
32 225
32 224
32 233
32 232
32 235
32 234
33 227
33 226
33 225
33 224
33 233
33 232
33 235
33 234
34 227
34 226
34 225
34 224
34 233
34 232
34 235
34 234
35 227
35 226
35 225
35 224
35 233
35 232
35 235
35 234
227 27
227 25
227 26
227 24
227 32
227 33
227 34
227 35
226 27
226 25
226 26
226 24
226 32
226 33
226 34
226 35
225 27
225 25
225 26
225 24
225 32
225 33
225 34
225 35
224 27
224 25
224 26
224 24
224 32
224 33
224 34
224 35
233 32
233 33
233 34
233 35
232 32
232 33
232 34
232 35
235 32
235 33
235 34
235 35
234 32
234 33
234 34
234 35
233 57
233 58
233 59
233 56
233 106
233 107
233 105
233 104
232 57
232 58
232 59
232 56
232 106
232 107
232 105
232 104
235 57
235 58
235 59
235 56
235 106
235 107
235 105
235 104
234 57
234 58
234 59
234 56
234 106
234 107
234 105
234 104
57 233
57 232
57 235
57 234
58 233
58 232
58 235
58 234
59 233
59 232
59 235
59 234
56 233
56 232
56 235
56 234
106 233
106 232
106 235
106 234
107 233
107 232
107 235
107 234
105 233
105 232
105 235
105 234
104 233
104 232
104 235
104 234
84 139
84 137
84 138
84 136
87 139
87 137
87 138
87 136
106 139
106 137
106 138
106 136
107 139
107 137
107 138
107 136
105 139
105 137
105 138
105 136
104 139
104 137
104 138
104 136
139 84
139 87
139 106
139 107
139 105
139 104
139 86
139 85
137 84
137 87
137 106
137 107
137 105
137 104
137 86
137 85
138 84
138 87
138 106
138 107
138 105
138 104
138 86
138 85
86 139
86 137
86 138
86 136
85 139
85 137
85 138
85 136
136 84
136 87
136 106
136 107
136 105
136 104
136 86
136 85
27 236
27 239
27 238
27 237
25 236
25 239
25 238
25 237
26 236
26 239
26 238
26 237
24 236
24 239
24 238
24 237
57 236
57 239
57 238
57 237
58 236
58 239
58 238
58 237
59 236
59 239
59 238
59 237
56 236
56 239
56 238
56 237
236 27
236 25
236 26
236 24
239 27
239 25
239 26
239 24
238 27
238 25
238 26
238 24
237 27
237 25
237 26
237 24
236 57
236 58
236 59
236 56
239 57
239 58
239 59
239 56
238 57
238 58
238 59
238 56
237 57
237 58
237 59
237 56
236 52
236 55
236 54
236 53
239 52
239 55
239 54
239 53
238 52
238 55
238 54
238 53
52 236
52 239
52 238
52 237
52 158
52 159
52 157
52 156
55 236
55 239
55 238
55 237
55 158
55 159
55 157
55 156
54 236
54 239
54 238
54 237
54 158
54 159
54 157
54 156
53 236
53 239
53 238
53 237
53 158
53 159
53 157
53 156
237 52
237 55
237 54
237 53
158 52
158 55
158 54
158 53
159 52
159 55
159 54
159 53
157 52
157 55
157 54
157 53
156 52
156 55
156 54
156 53
252 126
252 127
252 124
252 125
253 126
253 127
253 124
253 125
158 126
158 127
158 124
158 125
255 126
255 127
255 124
255 125
254 126
254 127
254 124
254 125
159 126
159 127
159 124
159 125
157 126
157 127
157 124
157 125
156 126
156 127
156 124
156 125
126 252
126 253
126 158
126 255
126 254
126 159
126 157
126 156
127 252
127 253
127 158
127 255
127 254
127 159
127 157
127 156
124 252
124 253
124 158
124 255
124 254
124 159
124 157
124 156
125 252
125 253
125 158
125 255
125 254
125 159
125 157
125 156
126 250
126 163
126 162
126 161
126 160
126 249
126 251
126 248
127 250
127 163
127 162
127 161
127 160
127 249
127 251
127 248
124 250
124 163
124 162
124 161
124 160
124 249
124 251
124 248
125 250
125 163
125 162
125 161
125 160
125 249
125 251
125 248
30 250
30 249
30 251
30 248
29 250
29 249
29 251
29 248
28 250
28 249
28 251
28 248
31 250
31 249
31 251
31 248
250 126
250 127
250 124
250 125
250 30
250 29
250 28
250 31
163 126
163 127
163 124
163 125
162 126
162 127
162 124
162 125
161 126
161 127
161 124
161 125
160 126
160 127
160 124
160 125
249 126
249 127
249 124
249 125
249 30
249 29
249 28
249 31
251 126
251 127
251 124
251 125
251 30
251 29
251 28
251 31
248 126
248 127
248 124
248 125
248 30
248 29
248 28
248 31
233 65
233 66
233 67
233 64
232 65
232 66
232 67
232 64
235 65
235 66
235 67
235 64
234 65
234 66
234 67
234 64
57 194
57 192
57 193
57 195
58 194
58 192
58 193
58 195
59 194
59 192
59 193
59 195
56 194
56 192
56 193
56 195
252 51
252 49
252 50
252 48
253 51
253 49
253 50
253 48
255 51
255 49
255 50
255 48
254 51
254 49
254 50
254 48
30 164
30 167
30 166
30 165
29 164
29 167
29 166
29 165
28 164
28 167
28 166
28 165
31 164
31 167
31 166
31 165
65 233
65 232
65 235
65 234
66 233
66 232
66 235
66 234
67 233
67 232
67 235
67 234
64 233
64 232
64 235
64 234
194 57
194 58
194 59
194 56
192 57
192 58
192 59
192 56
193 57
193 58
193 59
193 56
195 57
195 58
195 59
195 56
51 252
51 253
51 255
51 254
49 252
49 253
49 255
49 254
50 252
50 253
50 255
50 254
48 252
48 253
48 255
48 254
164 30
164 29
164 28
164 31
167 30
167 29
167 28
167 31
166 30
166 29
166 28
166 31
165 30
165 29
165 28
165 31
8 244
8 245
8 246
8 247
145 12
145 13
145 14
145 15
146 12
146 13
146 14
146 15
12 145
12 146
12 144
12 147
13 145
13 146
13 144
13 147
14 145
14 146
14 144
14 147
15 145
15 146
15 144
15 147
144 12
144 13
144 14
144 15
147 12
147 13
147 14
147 15
244 8
244 11
244 10
244 9
245 8
245 11
245 10
245 9
246 8
246 11
246 10
246 9
247 8
247 11
247 10
247 9
11 244
11 245
11 246
11 247
10 244
10 245
10 246
10 247
9 244
9 245
9 246
9 247
80 164
80 167
80 228
80 231
80 230
80 229
80 166
80 165
81 164
81 167
81 228
81 231
81 230
81 229
81 166
81 165
83 164
83 167
83 228
83 231
83 230
83 229
83 166
83 165
82 164
82 167
82 228
82 231
82 230
82 229
82 166
82 165
8 180
8 182
8 183
8 181
11 180
11 182
11 183
11 181
10 180
10 182
10 183
10 181
9 180
9 182
9 183
9 181
180 8
180 11
180 10
180 9
182 8
182 11
182 10
182 9
183 8
183 11
183 10
183 9
181 8
181 11
181 10
181 9
164 80
164 81
164 83
164 82
167 80
167 81
167 83
167 82
228 80
228 81
228 83
228 82
231 80
231 81
231 83
231 82
230 80
230 81
230 83
230 82
229 80
229 81
229 83
229 82
166 80
166 81
166 83
166 82
165 80
165 81
165 83
165 82
180 39
180 38
180 37
180 36
182 39
182 38
182 37
182 36
208 39
208 38
208 37
208 36
209 39
209 38
209 37
209 36
210 39
210 38
210 37
210 36
183 39
183 38
183 37
183 36
211 39
211 38
211 37
211 36
39 180
39 182
39 208
39 209
39 210
39 183
39 211
39 215
39 213
39 181
39 214
39 212
38 180
38 182
38 208
38 209
38 210
38 183
38 211
38 215
38 213
38 181
38 214
38 212
37 180
37 182
37 208
37 209
37 210
37 183
37 211
37 215
37 213
37 181
37 214
37 212
36 180
36 182
36 208
36 209
36 210
36 183
36 211
36 215
36 213
36 181
36 214
36 212
215 39
215 38
215 37
215 36
213 39
213 38
213 37
213 36
181 39
181 38
181 37
181 36
214 39
214 38
214 37
214 36
212 39
212 38
212 37
212 36
180 95
180 92
180 94
180 93
182 95
182 92
182 94
182 93
183 95
183 92
183 94
183 93
215 112
215 115
215 114
215 113
213 112
213 115
213 114
213 113
181 95
181 92
181 94
181 93
214 112
214 115
214 114
214 113
212 112
212 115
212 114
212 113
95 180
95 182
95 183
95 181
92 180
92 182
92 183
92 181
94 180
94 182
94 183
94 181
112 215
112 213
112 214
112 212
93 180
93 182
93 183
93 181
115 215
115 213
115 214
115 212
114 215
114 213
114 214
114 212
113 215
113 213
113 214
113 212
95 228
95 231
95 230
95 229
92 228
92 231
92 230
92 229
94 228
94 231
94 230
94 229
112 228
112 231
112 230
112 229
93 228
93 231
93 230
93 229
115 228
115 231
115 230
115 229
228 95
228 92
228 94
228 112
228 93
228 115
228 114
228 113
231 95
231 92
231 94
231 112
231 93
231 115
231 114
231 113
230 95
230 92
230 94
230 112
230 93
230 115
230 114
230 113
229 95
229 92
229 94
229 112
229 93
229 115
229 114
229 113
114 228
114 231
114 230
114 229
113 228
113 231
113 230
113 229
139 22
139 21
139 23
139 20
137 22
137 21
137 23
137 20
138 22
138 21
138 23
138 20
136 22
136 21
136 23
136 20
158 109
158 110
158 108
158 111
159 109
159 110
159 108
159 111
157 109
157 110
157 108
157 111
156 109
156 110
156 108
156 111
30 217
30 218
30 219
30 216
29 217
29 218
29 219
29 216
28 217
28 218
28 219
28 216
31 217
31 218
31 219
31 216
194 88
194 89
194 91
194 90
192 88
192 89
192 91
192 90
193 88
193 89
193 91
193 90
195 88
195 89
195 91
195 90
80 148
80 150
80 151
80 149
81 148
81 150
81 151
81 149
83 148
83 150
83 151
83 149
82 148
82 150
82 151
82 149
12 148
12 150
12 151
12 149
13 148
13 150
13 151
13 149
14 148
14 150
14 151
14 149
15 148
15 150
15 151
15 149
228 1
228 2
228 3
228 0
231 1
231 2
231 3
231 0
230 1
230 2
230 3
230 0
229 1
229 2
229 3
229 0
22 139
22 137
22 138
22 136
21 139
21 137
21 138
21 136
23 139
23 137
23 138
23 136
20 139
20 137
20 138
20 136
88 194
88 192
88 193
88 195
89 194
89 192
89 193
89 195
91 194
91 192
91 193
91 195
90 194
90 192
90 193
90 195
148 80
148 81
148 83
148 82
150 80
150 81
150 83
150 82
151 80
151 81
151 83
151 82
149 80
149 81
149 83
149 82
148 12
148 13
148 14
148 15
150 12
150 13
150 14
150 15
151 12
151 13
151 14
151 15
149 12
149 13
149 14
149 15
217 30
217 29
217 28
217 31
218 30
218 29
218 28
218 31
219 30
219 29
219 28
219 31
216 30
216 29
216 28
216 31
109 158
109 159
109 157
109 156
110 158
110 159
110 157
110 156
108 158
108 159
108 157
108 156
111 158
111 159
111 157
111 156
1 228
1 231
1 230
1 229
2 228
2 231
2 230
2 229
3 228
3 231
3 230
3 229
0 228
0 231
0 230
0 229
6 242
6 243
6 241
6 240
242 6
242 19
242 18
242 17
242 16
242 22
242 21
242 7
242 4
242 23
242 20
242 5
243 6
243 19
243 18
243 17
243 16
243 22
243 21
243 7
243 4
243 23
243 20
243 5
241 6
241 19
241 18
241 17
241 16
241 22
241 21
241 7
241 4
241 23
241 20
241 5
19 242
19 243
19 241
19 240
18 242
18 243
18 241
18 240
17 242
17 243
17 241
17 240
16 242
16 243
16 241
16 240
22 242
22 243
22 241
22 240
21 242
21 243
21 241
21 240
7 242
7 243
7 241
7 240
4 242
4 243
4 241
4 240
23 242
23 243
23 241
23 240
240 6
240 19
240 18
240 17
240 16
240 22
240 21
240 7
240 4
240 23
240 20
240 5
20 242
20 243
20 241
20 240
5 242
5 243
5 241
5 240
6 201
6 203
6 200
6 202
6 184
6 186
6 185
6 187
7 201
7 203
7 200
7 202
7 184
7 186
7 185
7 187
4 201
4 203
4 200
4 202
4 184
4 186
4 185
4 187
5 201
5 203
5 200
5 202
5 184
5 186
5 185
5 187
201 6
201 7
201 4
201 5
203 6
203 7
203 4
203 5
200 6
200 7
200 4
200 5
202 6
202 7
202 4
202 5
184 6
184 7
184 4
184 5
186 6
186 7
186 4
186 5
185 6
185 7
185 4
185 5
187 6
187 7
187 4
187 5
184 40
184 43
184 41
184 42
184 88
184 89
184 91
184 90
186 40
186 43
186 41
186 42
186 88
186 89
186 91
186 90
40 184
40 186
40 185
40 187
185 40
185 43
185 41
185 42
185 88
185 89
185 91
185 90
187 40
187 43
187 41
187 42
187 88
187 89
187 91
187 90
43 184
43 186
43 185
43 187
41 184
41 186
41 185
41 187
42 184
42 186
42 185
42 187
88 184
88 186
88 185
88 187
89 184
89 186
89 185
89 187
91 184
91 186
91 185
91 187
90 184
90 186
90 185
90 187
40 171
40 169
40 170
40 168
43 171
43 169
43 170
43 168
41 171
41 169
41 170
41 168
42 171
42 169
42 170
42 168
88 171
88 169
88 170
88 148
88 150
88 151
88 168
88 149
89 171
89 169
89 170
89 148
89 150
89 151
89 168
89 149
91 171
91 169
91 170
91 148
91 150
91 151
91 168
91 149
90 171
90 169
90 170
90 148
90 150
90 151
90 168
90 149
201 122
201 120
201 123
201 121
203 122
203 120
203 123
203 121
200 122
200 120
200 123
200 121
202 122
202 120
202 123
202 121
171 40
171 43
171 41
171 42
171 88
171 89
171 91
171 90
169 40
169 43
169 41
169 42
169 88
169 89
169 91
169 90
170 40
170 43
170 41
170 42
170 88
170 89
170 91
170 90
148 88
148 89
148 91
148 90
150 88
150 89
150 91
150 90
151 88
151 89
151 91
151 90
168 40
168 43
168 41
168 42
168 88
168 89
168 91
168 90
149 88
149 89
149 91
149 90
122 201
122 203
122 200
122 202
120 201
120 203
120 200
120 202
123 201
123 203
123 200
123 202
121 201
121 203
121 200
121 202
103 188
103 189
103 190
103 191
188 103
188 101
188 100
188 102
189 103
189 101
189 100
189 102
190 103
190 101
190 100
190 102
191 103
191 101
191 100
191 102
101 188
101 189
101 190
101 191
100 188
100 189
100 190
100 191
102 188
102 189
102 190
102 191
103 140
103 141
103 142
103 143
148 68
148 69
148 70
148 71
150 68
150 69
150 70
150 71
151 68
151 69
151 70
151 71
149 68
149 69
149 70
149 71
101 140
101 141
101 142
101 143
100 140
100 141
100 142
100 143
102 140
102 141
102 142
102 143
68 148
68 150
68 151
68 149
69 148
69 150
69 151
69 149
140 103
140 101
140 100
140 102
141 103
141 101
141 100
141 102
142 103
142 101
142 100
142 102
143 103
143 101
143 100
143 102
70 148
70 150
70 151
70 149
71 148
71 150
71 151
71 149
68 140
68 141
68 142
68 143
69 140
69 141
69 142
69 143
140 68
140 69
140 70
140 71
141 68
141 69
141 70
141 71
142 68
142 69
142 70
142 71
143 68
143 69
143 70
143 71
70 140
70 141
70 142
70 143
71 140
71 141
71 142
71 143
222 122
222 120
222 123
222 121
221 122
221 120
221 123
221 121
220 122
220 120
220 123
220 121
223 122
223 120
223 123
223 121
122 222
122 221
122 220
122 223
120 222
120 221
120 220
120 223
123 222
123 221
123 220
123 223
121 222
121 221
121 220
121 223
242 62
242 63
242 61
242 60
243 62
243 63
243 61
243 60
241 62
241 63
241 61
241 60
240 62
240 63
240 61
240 60
68 173
68 174
68 175
68 172
69 173
69 174
69 175
69 172
70 173
70 174
70 175
70 172
71 173
71 174
71 175
71 172
122 173
122 174
122 175
122 172
120 173
120 174
120 175
120 172
123 173
123 174
123 175
123 172
121 173
121 174
121 175
121 172
62 242
62 243
62 241
62 240
63 242
63 243
63 241
63 240
61 242
61 243
61 241
61 240
60 242
60 243
60 241
60 240
173 68
173 69
173 70
173 71
173 122
173 120
173 123
173 121
174 68
174 69
174 70
174 71
174 122
174 120
174 123
174 121
175 68
175 69
175 70
175 71
175 122
175 120
175 123
175 121
172 68
172 69
172 70
172 71
172 122
172 120
172 123
172 121
217 62
217 63
217 61
217 60
130 62
130 63
130 45
130 44
130 61
130 46
130 47
130 60
62 217
62 130
62 218
62 219
62 128
62 131
62 129
62 216
63 217
63 130
63 218
63 219
63 128
63 131
63 129
63 216
45 130
45 128
45 131
45 129
44 130
44 128
44 131
44 129
61 217
61 130
61 218
61 219
61 128
61 131
61 129
61 216
46 130
46 128
46 131
46 129
47 130
47 128
47 131
47 129
60 217
60 130
60 218
60 219
60 128
60 131
60 129
60 216
218 62
218 63
218 61
218 60
219 62
219 63
219 61
219 60
128 62
128 63
128 45
128 44
128 61
128 46
128 47
128 60
131 62
131 63
131 45
131 44
131 61
131 46
131 47
131 60
129 62
129 63
129 45
129 44
129 61
129 46
129 47
129 60
216 62
216 63
216 61
216 60
217 109
217 110
217 108
217 111
217 96
217 97
217 99
217 98
130 77
130 79
130 78
130 76
218 109
218 110
218 108
218 111
218 96
218 97
218 99
218 98
219 109
219 110
219 108
219 111
219 96
219 97
219 99
219 98
128 77
128 79
128 78
128 76
131 77
131 79
131 78
131 76
129 77
129 79
129 78
129 76
216 109
216 110
216 108
216 111
216 96
216 97
216 99
216 98
109 217
109 218
109 219
109 216
110 217
110 218
110 219
110 216
108 217
108 218
108 219
108 216
77 130
77 128
77 131
77 129
111 217
111 218
111 219
111 216
96 217
96 218
96 219
96 216
97 217
97 218
97 219
97 216
99 217
99 218
99 219
99 216
98 217
98 218
98 219
98 216
79 130
79 128
79 131
79 129
78 130
78 128
78 131
78 129
76 130
76 128
76 131
76 129
77 133
77 132
77 135
77 134
96 133
96 132
96 135
96 134
133 77
133 96
133 97
133 99
133 98
133 79
133 78
133 76
132 77
132 96
132 97
132 99
132 98
132 79
132 78
132 76
97 133
97 132
97 135
97 134
99 133
99 132
99 135
99 134
135 77
135 96
135 97
135 99
135 98
135 79
135 78
135 76
134 77
134 96
134 97
134 99
134 98
134 79
134 78
134 76
98 133
98 132
98 135
98 134
79 133
79 132
79 135
79 134
78 133
78 132
78 135
78 134
76 133
76 132
76 135
76 134
62 204
62 206
62 205
62 207
63 204
63 206
63 205
63 207
61 204
61 206
61 205
61 207
60 204
60 206
60 205
60 207
204 62
204 63
204 61
204 60
206 62
206 63
206 61
206 60
205 62
205 63
205 61
205 60
207 62
207 63
207 61
207 60
204 73
204 74
204 75
204 72
173 198
173 199
173 197
173 196
174 198
174 199
174 197
174 196
175 198
175 199
175 197
175 196
198 173
198 174
198 175
198 172
198 73
198 74
198 75
198 72
199 173
199 174
199 175
199 172
199 73
199 74
199 75
199 72
197 173
197 174
197 175
197 172
197 73
197 74
197 75
197 72
196 173
196 174
196 175
196 172
196 73
196 74
196 75
196 72
172 198
172 199
172 197
172 196
73 204
73 198
73 199
73 197
73 196
73 206
73 205
73 207
206 73
206 74
206 75
206 72
205 73
205 74
205 75
205 72
207 73
207 74
207 75
207 72
74 204
74 198
74 199
74 197
74 196
74 206
74 205
74 207
75 204
75 198
75 199
75 197
75 196
75 206
75 205
75 207
72 204
72 198
72 199
72 197
72 196
72 206
72 205
72 207
73 153
73 155
73 154
73 152
74 153
74 155
74 154
74 152
75 153
75 155
75 154
75 152
72 153
72 155
72 154
72 152
153 73
153 74
153 75
153 72
155 73
155 74
155 75
155 72
154 73
154 74
154 75
154 72
152 73
152 74
152 75
152 72
1 153
1 155
1 154
1 152
1 176
1 177
1 178
1 179
2 153
2 155
2 154
2 152
2 176
2 177
2 178
2 179
3 153
3 155
3 154
3 152
3 176
3 177
3 178
3 179
153 1
153 2
153 3
153 0
0 153
0 155
0 154
0 152
0 176
0 177
0 178
0 179
155 1
155 2
155 3
155 0
154 1
154 2
154 3
154 0
118 176
118 177
118 178
118 179
152 1
152 2
152 3
152 0
116 176
116 177
116 178
116 179
176 1
176 2
176 3
176 0
176 118
176 116
176 117
176 119
177 1
177 2
177 3
177 0
177 118
177 116
177 117
177 119
178 1
178 2
178 3
178 0
178 118
178 116
178 117
178 119
179 1
179 2
179 3
179 0
179 118
179 116
179 117
179 119
117 176
117 177
117 178
117 179
119 176
119 177
119 178
119 179
