# Rows | Columns (Hamiltonian neighbor indices)
13 135
13 133
13 132
13 134
15 135
15 133
15 132
15 134
12 135
12 133
12 132
12 134
14 135
14 133
14 132
14 134
135 13
135 15
135 12
135 14
133 13
133 15
133 12
133 14
132 13
132 15
132 12
132 14
134 13
134 15
134 12
134 14
34 144
34 145
34 146
34 147
34 200
34 203
34 202
34 201
33 144
33 145
33 146
33 147
33 200
33 203
33 202
33 201
32 144
32 145
32 146
32 147
32 200
32 203
32 202
32 201
144 34
144 33
144 32
144 35
145 34
145 33
145 32
145 35
146 34
146 33
146 32
146 35
35 144
35 145
35 146
35 147
35 200
35 203
35 202
35 201
147 34
147 33
147 32
147 35
200 34
200 33
200 32
200 35
203 34
203 33
203 32
203 35
202 34
202 33
202 32
202 35
201 34
201 33
201 32
201 35
249 78
249 77
249 76
249 79
250 78
250 77
250 76
250 79
251 78
251 77
251 76
251 79
248 78
248 77
248 76
248 79
78 249
78 250
78 251
78 248
77 249
77 250
77 251
77 248
76 249
76 250
76 251
76 248
79 249
79 250
79 251
79 248
178 78
178 77
178 76
178 79
78 178
78 177
78 176
78 179
77 178
77 177
77 176
77 179
76 178
76 177
76 176
76 179
79 178
79 177
79 176
79 179
177 78
177 77
177 76
177 79
176 78
176 77
176 76
176 79
179 78
179 77
179 76
179 79
225 61
225 60
225 63
225 62
244 80
244 81
244 82
244 83
245 80
245 81
245 82
245 83
246 80
246 81
246 82
246 83
247 80
247 81
247 82
247 83
224 61
224 60
224 63
224 62
226 61
226 60
226 63
226 62
227 61
227 60
227 63
227 62
80 244
80 245
80 246
80 247
81 244
81 245
81 246
81 247
82 244
82 245
82 246
82 247
83 244
83 245
83 246
83 247
61 225
61 224
61 226
61 227
60 225
60 224
60 226
60 227
63 225
63 224
63 226
63 227
62 225
62 224
62 226
62 227
116 164
116 166
116 167
116 165
117 164
117 166
117 167
117 165
118 164
118 166
118 167
118 165
119 164
119 166
119 167
119 165
64 155
64 154
64 153
64 152
65 155
65 154
65 153
65 152
67 155
67 154
67 153
67 152
66 155
66 154
66 153
66 152
164 116
164 117
164 118
164 119
166 116
166 117
166 118
166 119
167 116
167 117
167 118
167 119
165 116
165 117
165 118
165 119
155 64
155 65
155 67
155 66
154 64
154 65
154 67
154 66
153 64
153 65
153 67
153 66
152 64
152 65
152 67
152 66
23 222
23 223
23 221
23 220
22 222
22 223
22 221
22 220
21 222
21 223
21 221
21 220
20 222
20 223
20 221
20 220
222 23
222 22
222 21
222 20
223 23
223 22
223 21
223 20
221 23
221 22
221 21
221 20
220 23
220 22
220 21
220 20
