15
#   CELL_PARAMETERS    9.50461219   -4.75230609    0.00000000    0.00000000    8.23123560    0.00000000    0.00000000    0.00000000   58.50592080
   B      -0.70525200306579E-01    -0.26587941969202E-02     0.97257394612641E+01
   B      -0.50433728545699E-01     0.28272949980326E+01     0.15066062313842E+02
   B      -0.24627820386490E+01     0.41319187910949E+01     0.10142433679992E+02
   B      -0.23030636665242E+01     0.69565921253920E+01     0.15180250862681E+02
   B       0.46794645819427E+01     0.46086498546685E-02     0.96393898618724E+01
   B       0.49001276834532E+01     0.27466475154586E+01     0.15110244954530E+02
   B       0.23027650958912E+01     0.41139449783686E+01     0.98142895813020E+01
   N      -0.45461128226725E-01     0.27355894071598E+01     0.10438717995362E+02
   N       0.20041239148844E+00     0.14384390589648E+00     0.16102553048181E+02
   N      -0.24485343148401E+01     0.68690035197283E+01     0.97473235699362E+01
   N      -0.23293176882291E+01     0.42811199323986E+01     0.14404479206762E+02
   N       0.46722034306905E+01     0.27448414273084E+01     0.10061615059643E+02
   N       0.47907312137470E+01     0.42690109340743E-01     0.15281961873917E+02
   N       0.23091312931191E+01     0.68699326316395E+01     0.90296658923216E+01
   N       0.24500247268311E+01     0.36151899556677E+01     0.16074805029039E+02