15
#   CELL_PARAMETERS    9.50461219   -4.75230609    0.00000000    0.00000000    8.23123560    0.00000000    0.00000000    0.00000000   58.50592080
   B      -0.65961586006900E-01     0.23779511589924E-01     0.97016639956837E+01
   B       0.90883266360231E-01     0.27276577525837E+01     0.15207227165239E+02
   B      -0.24884841809413E+01     0.41386587150474E+01     0.10207261345987E+02
   B      -0.22958589205274E+01     0.68379418806476E+01     0.15474317508506E+02
   B       0.46166342895885E+01     0.23648358125181E-01     0.96292825328051E+01
   B       0.48357882246544E+01     0.27227970883808E+01     0.15243873140172E+02
   B       0.22794335891077E+01     0.41067314494718E+01     0.97328681441040E+01
   B       0.24607730753253E+01     0.68559347775118E+01     0.15509174684098E+02
   N      -0.14790798121327E+00     0.27838698449737E+01     0.10023517347101E+02
   N       0.83076059425633E-01    -0.21401720445765E-02     0.15724445948843E+02
   N      -0.24954876227333E+01     0.68054018534524E+01     0.10038690483781E+02
   N      -0.22777502131939E+01     0.40975738605159E+01     0.14864120494782E+02
   N       0.47098881540316E+01     0.27990430975556E+01     0.99771848734211E+01
   N       0.48384349931858E+01    -0.43898331936436E-03     0.15889032925445E+02
   N       0.24647914318008E+01     0.41142234946119E+01     0.14976985881051E+02