23
#   CELL_PARAMETERS    9.50461219   -4.75230609    0.00000000    0.00000000    8.23123560    0.00000000    0.00000000    0.00000000   58.50592080
   B       0.99508394115223E-02     0.29455147138759E-01     0.10421172751145E+02
   B      -0.23498705101193E+01     0.41367385003740E+01     0.10053569414704E+02
   B       0.47811093977887E+01     0.23455570902859E-01     0.10412458841129E+02
   B       0.23966680353938E+01     0.41275442473274E+01     0.10272750857101E+02
   B      -0.66165165751056E-01     0.27688476561055E+01     0.15732549172485E+02
   B      -0.24270505504347E+01     0.68406724734414E+01     0.15715150070945E+02
   B       0.47287169181616E+01     0.27765574646354E+01     0.15761287632351E+02
   B       0.23043568006665E+01     0.68804586547799E+01     0.15777368979293E+02
   B       0.22428791896961E-01    -0.23424622607049E-01     0.21212648232480E+02
   B      -0.23483434072962E+01     0.40816112519743E+01     0.21406857778634E+02
   B       0.47734349852670E+01    -0.32867917570194E-01     0.21137772742257E+02
   B       0.23978314070866E+01     0.40816051903754E+01     0.21180060211312E+02
   N       0.41037410877346E-02     0.27606389345885E+01     0.98750619889111E+01
   N      -0.23550790635987E+01     0.68851787299203E+01     0.10369113939945E+02
   N       0.47901774675762E+01     0.27621857031640E+01     0.98720838840807E+01
   N       0.24064617683978E+01     0.68879936596732E+01     0.11077303904363E+02
   N       0.23921599690404E-02     0.55475034828353E+01     0.15765655044850E+02
   N       0.46547792051027E+01     0.55313042236363E+01     0.15762975754400E+02
   N       0.22998109098721E+01     0.95440617494897E+01     0.15766609940650E+02
   N       0.16769977045718E-01     0.27148484531947E+01     0.21572079681771E+02
   N      -0.23478196357082E+01     0.68182564047123E+01     0.21412827559374E+02
   N       0.47822411469799E+01     0.27077120733900E+01     0.21303211666601E+02
   N       0.23994617223228E+01     0.68221154410407E+01     0.20630368109725E+02