23
#   CELL_PARAMETERS    9.50461219   -4.75230609    0.00000000    0.00000000    8.23123560    0.00000000    0.00000000    0.00000000   58.50592080
   B       0.94694464662752E-02    -0.31274486314619E-01     0.10349113743672E+02
   B      -0.23522096642652E+01     0.40805285524070E+01     0.10123407602543E+02
   B       0.47811060842841E+01    -0.27715460655435E-01     0.10397384015672E+02
   B       0.23898140379848E+01     0.40957236304730E+01     0.10234019114929E+02
   B      -0.34809543697289E-01     0.27735009292888E+01     0.15697901632725E+02
   B      -0.24287843526945E+01     0.68938152058194E+01     0.15691589849738E+02
   B       0.47002285984504E+01     0.27865136942687E+01     0.15651061148273E+02
   B       0.23399329612546E+01     0.68957926566401E+01     0.16060335759088E+02
   B       0.38806707702928E-01     0.55020854582870E+01     0.21234332303141E+02
   B      -0.23616288128866E+01     0.96010331268616E+01     0.21627333777965E+02
   B       0.47502708735025E+01     0.54873429435148E+01     0.21021006091343E+02
   B       0.23807296474913E+01     0.95937550052105E+01     0.21014713030397E+02
   N       0.96261752053226E-02     0.27074157755917E+01     0.98383307245884E+01
   N      -0.23583974565668E+01     0.68253734614533E+01     0.10430532249434E+02
   N       0.47752027968396E+01     0.27112642739343E+01     0.10022308849068E+02
   N       0.23877335046326E+01     0.68292137177183E+01     0.10840281549694E+02
   N      -0.21933031184005E-02     0.55406819686074E+01     0.15815619380746E+02
   N       0.46732350168829E+01     0.55380100102531E+01     0.15767422246373E+02
   N       0.23351271599453E+01     0.95898993948166E+01     0.15726797435080E+02
   N       0.12071846943625E-01     0.82503723053868E+01     0.21821932991116E+02
   N      -0.23474847765618E+01     0.12340537319071E+02     0.21843256323017E+02
   N       0.47957895311872E+01     0.82451980985144E+01     0.21184019100374E+02
   N       0.23804166138774E+01     0.12345700391283E+02     0.20101151124480E+02