23
#   CELL_PARAMETERS    9.50461219   -4.75230609    0.00000000    0.00000000    8.23123560    0.00000000    0.00000000    0.00000000   58.50592080
   B      -0.48758834293056E-01    -0.30779483103372E-01     0.10145681515353E+02
   B      -0.24212077805289E+01     0.41043670961776E+01     0.10341504146692E+02
   B       0.47080790128620E+01    -0.23210265565409E-01     0.10037098660110E+02
   B       0.23309441176013E+01     0.40945993377601E+01     0.10332154272755E+02
   B      -0.10286297335579E-01     0.27420184835988E+01     0.15923062782423E+02
   B      -0.23903179771604E+01     0.68925068415281E+01     0.15542066234130E+02
   B       0.47274361861298E+01     0.27484183781237E+01     0.15455291334591E+02
   B       0.23741424655080E+01     0.68724978825401E+01     0.15420098273751E+02
   B       0.66556513848459E-01     0.10824957799401E+00     0.21777491895525E+02
   B      -0.22952091170018E+01     0.40806750291798E+01     0.21343731906865E+02
   B       0.24657527789685E+01     0.41153777351525E+01     0.21687435042396E+02
   N      -0.39123412580938E-01     0.27339716614061E+01     0.10647110596901E+02
   N      -0.24126815637392E+01     0.68418965429859E+01     0.98160363730736E+01
   N       0.47041091716876E+01     0.26879727418285E+01     0.10514948112208E+02
   N       0.23303996350099E+01     0.68453138069673E+01     0.98359424825134E+01
   N       0.50651267252270E-02     0.54917639667481E+01     0.15989707042124E+02
   N      -0.24001386395302E+01     0.96231635445846E+01     0.16100174605703E+02
   N       0.47509609248335E+01     0.55238554476457E+01     0.14433817854813E+02
   N       0.23802040071840E+01     0.95968379013706E+01     0.15889696105162E+02
   N       0.93223911393849E-01     0.28174770053575E+01     0.22620595266225E+02
   N      -0.26066923290132E+01     0.68140716489461E+01     0.20542602803622E+02
   N       0.47730927717904E+01     0.28496350428705E+01     0.20521733964179E+02
   N       0.26706460208314E+01     0.67488994030258E+01     0.21448442149320E+02