23
# CELL_PARAMETERS     9.50461219   -4.75230609    0.00000000    0.00000000    8.23123560    0.00000000    0.00000000    0.00000000   58.50592080
   B      -0.71282582879870E-02     0.20626241144954E-02     0.97780905235922E+01
   B       0.70727900451957E-01     0.27163737630552E+01     0.15786906486997E+02
   B      -0.23853473061869E+01     0.41108268449807E+01     0.99987514865944E+01
   B      -0.23062633777111E+01     0.68360200794850E+01     0.15718593809143E+02
   B       0.47408784633322E+01    -0.75579231598325E-02     0.10054270145233E+02
   B       0.48145397873671E+01     0.27217906450962E+01     0.15414833631466E+02
   B       0.23639628528549E+01     0.41166658034806E+01     0.99916304623430E+01
   B       0.24424457087012E+01     0.68402471881335E+01     0.15659365324745E+02
   B      -0.62390410522572E-01     0.41557205797360E-01     0.21311181816729E+02
   B      -0.24284841127373E+01     0.41738871608441E+01     0.21819883308053E+02
   B       0.46852665587666E+01     0.10206723685519E-01     0.21795107155309E+02
   B       0.22952992881425E+01     0.41645516619213E+01     0.21916303988576E+02
   N      -0.12651732166200E-01     0.27362681723261E+01     0.96676663397703E+01
   N       0.64529233793368E-01    -0.20288203166423E-01     0.16368539661081E+02
   N      -0.23923473744981E+01     0.68564409236771E+01     0.98339707224823E+01
   N      -0.23039789149865E+01     0.40798183893980E+01     0.15622330883886E+02
   N       0.47426751583214E+01     0.27363172661244E+01     0.10479112781853E+02
   N       0.48173564817346E+01    -0.28116349555573E-01     0.15209182280255E+02
   N       0.23618552051018E+01     0.68467980618684E+01     0.98109055676295E+01
   N       0.24399460192486E+01     0.40847964275430E+01     0.15421459504051E+02
   N      -0.73965389440191E-01     0.27088426016915E+01     0.21602167486577E+02
   N      -0.24761806174122E+01     0.69219153443422E+01     0.21429996150164E+02
   N       0.23572637788648E+01     0.69406384783070E+01     0.21523816410012E+02