23
#    CELL_PARAMETERS    9.50461219   -4.75230609    0.00000000    0.00000000    8.23123560    0.00000000    0.00000000    0.00000000   58.50592080
   B       0.16949791187738E-01    -0.19355248244412E-01     0.10183688190221E+02
   B      -0.23565812969502E+01     0.40873544678689E+01     0.99901924753039E+01
   B       0.47701098799367E+01    -0.24879033336110E-01     0.10177179601788E+02
   B       0.23927250102267E+01     0.40887502126921E+01     0.10056207005746E+02
   B       0.29698269356637E-01     0.27662735438837E+01     0.15586213371159E+02
   B      -0.23387218150804E+01     0.68613395248317E+01     0.15600128538018E+02
   B       0.47775062403382E+01     0.27589091711647E+01     0.15632652023365E+02
   B       0.24015318639597E+01     0.68682969945195E+01     0.15607783190383E+02
   B      -0.55926858508379E-01     0.55074920220907E+01     0.21168326803663E+02
   B      -0.24190362684494E+01     0.96402267373090E+01     0.21668235439051E+02
   B       0.46915371883479E+01     0.54828267453136E+01     0.21684249835724E+02
   B       0.23100215448358E+01     0.96297629883124E+01     0.21754457263834E+02
   N       0.13581473756998E-01     0.27152652655048E+01     0.98390578273122E+01
   N      -0.23668390611261E+01     0.68253532990336E+01     0.10259323953106E+02
   N       0.47728702445648E+01     0.27228992852430E+01     0.97930071188035E+01
   N       0.23983450880202E+01     0.68347653266231E+01     0.10483874020498E+02
   N       0.34725369407458E-01     0.54951288826601E+01     0.15486040410082E+02
   N      -0.23449596759795E+01     0.96128497936849E+01     0.15559293327988E+02
   N       0.47878824764515E+01     0.54958954833056E+01     0.15782623808189E+02
   N       0.24054375387329E+01     0.96176436077579E+01     0.15658908332170E+02
   N      -0.59641396578479E-01     0.81868668972790E+01     0.21413249153674E+02
   N      -0.24777570640162E+01     0.12385516687747E+02     0.21332823179293E+02
   N       0.23637076991890E+01     0.12406522121839E+02     0.21467360435603E+02