23
#CELL PARAMETERS:    9.50461219   -4.75230609    0.00000000    0.00000000    8.23123560    0.00000000    0.00000000    0.00000000   58.50592080
   B      -0.62561868425547E-01    -0.37181509125441E-01     0.10031424626526E+02
   B      -0.24087781153916E+01     0.40861245436918E+01     0.10245347778632E+02
   B       0.47366063493530E+01    -0.44748963904377E-01     0.10021550183313E+02
   B       0.23359610249745E+01     0.41210079338648E+01     0.10058319475294E+02
   B       0.74066166321507E-02     0.27892820334611E+01     0.15846205136034E+02
   B      -0.23649404532829E+01     0.68994917304878E+01     0.15762155072632E+02
   B       0.47770875482380E+01     0.27974048553134E+01     0.15777539621316E+02
   B       0.23824899652483E+01     0.69128031130853E+01     0.16262768302042E+02
   B       0.15826297237607E-01    -0.27839946198300E-01     0.21457585683803E+02
   B      -0.23539110606727E+01     0.40904039713120E+01     0.21335128359816E+02
   B       0.47673382943026E+01    -0.27653810364823E-01     0.21347892634770E+02
   B       0.23939016530542E+01     0.40841254951751E+01     0.21348362232341E+02
   N      -0.82879324526852E-01     0.27503460689079E+01     0.10092671503723E+02
   N      -0.24100260963515E+01     0.67863747637096E+01     0.10051297197135E+02
   N       0.47571973586331E+01     0.27482514901847E+01     0.10083451628923E+02
   N       0.24021167865743E-01     0.55449726462250E+01     0.16374007070872E+02
   N      -0.23526494025939E+01     0.96522606204601E+01     0.14805797279585E+02
   N       0.47501509385227E+01     0.55647580655967E+01     0.16105517388507E+02
   N       0.23859817118417E+01     0.96333385448307E+01     0.16350823526607E+02
   N       0.25955598655547E-01     0.27100479361928E+01     0.21475404103704E+02
   N      -0.23636294684583E+01     0.68314422402265E+01     0.21522834153850E+02
   N       0.47680025814041E+01     0.27128309669360E+01     0.21124446315687E+02
   N       0.23962780336905E+01     0.68275325245184E+01     0.21415181362032E+02