23
#    CELL_PARAMETERS    9.50461219   -4.75230609    0.00000000    0.00000000    8.23123560    0.00000000    0.00000000    0.00000000   58.50592080
   B       0.62170419213647E-02     0.30641873492908E-01     0.97537974088921E+01
   B      -0.23808916165775E+01     0.41375734351542E+01     0.10055376416433E+02
   B      -0.24110962439990E+01     0.66929949893649E+01     0.15771458920669E+02
   B       0.47571831692192E+01     0.34830337848973E-01     0.10455271252804E+02
   B       0.47617453139454E+01     0.24682910255542E+01     0.15838091337276E+02
   B       0.23599144792245E+01     0.41370821858918E+01     0.99680300605667E+01
   B       0.22642713202660E+01     0.67944000581940E+01     0.15830831046033E+02
   B      -0.76649732203108E-02     0.85074705192748E-01     0.21729031027052E+02
   B      -0.23636848415366E+01     0.41893775388497E+01     0.21594065373007E+02
   B       0.47440987832250E+01     0.78905788784433E-01     0.21044442012187E+02
   B       0.23755515566487E+01     0.42002066587082E+01     0.21460349413035E+02
   N       0.69313314271057E-02     0.27707348406589E+01     0.88524320295250E+01
   N      -0.13436889806693E-02    -0.28412780778693E+00     0.15651887778038E+02
   N      -0.23692713882910E+01     0.69070707674065E+01     0.10283044215977E+02
   N      -0.24856187629986E+01     0.40610124898367E+01     0.15659639302930E+02
   N       0.47546528185696E+01     0.27605319344091E+01     0.10979183264650E+02
   N       0.46827909813358E+01    -0.12838170643399E+00     0.15978230361867E+02
   N       0.23681678466221E+01     0.69153436056411E+01     0.10093181942997E+02
   N       0.26377895108124E+01     0.41702979717476E+01     0.15669042421524E+02
   N      -0.38279564637580E-02     0.28234482283802E+01     0.22672285210997E+02
   N      -0.23645675734346E+01     0.69491281861215E+01     0.21446942224765E+02
   N       0.47598862494727E+01     0.28167613101320E+01     0.20656242812678E+02
   N       0.23821790384322E+01     0.69492128162238E+01     0.21088258107452E+02