                -95.8886169242
          0.001008028       0.000022446       0.000004755
          0.000022445       0.002553643      -0.000034632
          0.000004756      -0.000034631       0.003080295
           8
  1     6      -0.033598307      -0.088423145      -0.106939518  C
  1     6      -0.015695306       0.018814199       0.020536198  C
  1     6       0.011860704      -0.077013583       0.039331396  C
  1     6       0.004383660       0.017151836      -0.129281979  C
  1     6       0.008872977      -0.010180674      -0.008735187  C
  1     6       0.009417015       0.071377936       0.098629040  C
  1     6      -0.000031382      -0.029256212       0.097524154  C
  1     6       0.014762966       0.097544663      -0.011067171  C
