                -95.8647830924
          0.000894602       0.000009104       0.000002306
          0.000009104       0.002374531      -0.000001792
          0.000002306      -0.000001792       0.000019054
           8
  1     6       0.013357517       0.058026047       0.003253477  C
  1     6       0.002280838      -0.054223220       0.002903185  C
  1     6      -0.009332032       0.058995041      -0.004165227  C
  1     6      -0.006332351      -0.062814733      -0.002748713  C
  1     6       0.016148104       0.060192469       0.002906504  C
  1     6      -0.002419556      -0.056995531      -0.000214878  C
  1     6      -0.030059625       0.037056811      -0.007368733  C
  1     6       0.016314573      -0.040251840       0.005420407  C
