               -847.7745843920
         -0.002888588       0.000493631      -0.000922641
          0.000493633      -0.001581204      -0.000128755
         -0.000922641      -0.000128754      -0.001222470
          64
  1     5       0.001233101      -0.041328340      -0.028644766  B
  1     5      -0.019542991       0.063103416       0.168586820  B
  1     5      -0.116992409       0.108656773      -0.006263640  B
  1     5       0.113452050       0.039735407      -0.026948732  B
  1     5       0.010363676       0.048443174       0.152858567  B
  1     5       0.042223379      -0.042593801       0.010090246  B
  1     5      -0.016263112      -0.041812902      -0.045137676  B
  1     5       0.101428432      -0.207818202       0.069235146  B
  1     5      -0.037019081      -0.134538400      -0.067564575  B
  1     5      -0.074640920      -0.022767522       0.075659618  B
  1     5       0.013493429       0.053621112       0.072475160  B
  1     5       0.215163123      -0.152476781       0.057068202  B
  1     5      -0.059107536      -0.080924301      -0.077222574  B
  1     5      -0.047089681       0.021747421      -0.056303593  B
  1     5      -0.127977070       0.013073532       0.041632786  B
  1     5      -0.049361426       0.070998258      -0.021050987  B
  1     5      -0.008263982       0.026579932       0.058706287  B
  1     5       0.046335061       0.006421613      -0.053149606  B
  1     5       0.045467528      -0.012867108      -0.077359619  B
  1     5      -0.171365557       0.128869027      -0.011787665  B
  1     5       0.005718820       0.042987355       0.000125297  B
  1     5      -0.058168872       0.076039594      -0.017608563  B
  1     5       0.057095850       0.044387619       0.029650549  B
  1     5      -0.035472742      -0.044480573      -0.036735087  B
  1     5      -0.173196312       0.084052639       0.070776859  B
  1     5       0.060211946      -0.081939682      -0.049897876  B
  1     5      -0.037728561       0.016262291      -0.017365689  B
  1     5      -0.071630095      -0.046364459      -0.092937207  B
  1     5      -0.021075265      -0.037614993      -0.077713765  B
  1     5       0.057727257      -0.072731456       0.094609810  B
  1     5      -0.046631176      -0.035225262       0.094580218  B
  1     5      -0.029393093      -0.131486713      -0.034460104  B
  2     7       1.696723630      -1.074454068       0.575497276  N
  2     7      -0.107456913       0.082795809      -0.101881588  N
  2     7       0.085360880      -0.011940550       0.126277571  N
  2     7      -0.048831874       0.059591360       0.040813045  N
  2     7      -0.075946235       0.124766393       0.023171523  N
  2     7      -0.090087749       0.206038411       0.020298488  N
  2     7      -0.122042157       0.125643683       0.031155424  N
  2     7      -0.052329845       0.149856411       0.052415443  N
  2     7      -0.062788590       0.030138816      -0.072099372  N
  2     7      -0.031238292       0.135242015       0.006627736  N
  2     7       0.113879324      -0.081193485       0.116016211  N
  2     7       0.169931026      -0.073576286       0.079985627  N
  2     7       0.059136162      -0.098827656      -0.042071432  N
  2     7      -0.113873789       0.096482996       0.048471220  N
  2     7       0.178854762       0.004413822      -0.178374050  N
  2     7      -0.025542620       0.097219808      -0.082904207  N
  2     7       0.088877345       0.014139790       0.051299366  N
  2     7       0.125176632      -0.141456574       0.046006093  N
  2     7       0.097153480      -0.137332234      -0.119840975  N
  2     7      -0.030631378       0.068160311      -0.042712671  N
  2     7      -0.004022935      -0.010353201      -0.010876677  N
  2     7      -0.039578396       0.028100103      -0.101542306  N
  2     7      -0.009560543       0.030735876       0.308812796  N
  2     7       0.028956223      -0.127111290      -0.028135952  N
  2     7       0.120978559       0.006247377       0.099201671  N
  2     7       0.036502079       0.038663049       0.079867572  N
  2     7      -0.081690146      -0.069361160      -0.058653014  N
  2     7       0.120901386      -0.044602674      -0.104729524  N
  2     7      -1.763252499       1.009660196      -0.675957956  N
  2     7       0.197521028      -0.056993747      -0.026766061  N
  2     7      -0.084529275      -0.019727331      -0.050888198  N
  2     7       0.054442767      -0.018931117      -0.206555781  N
