    48
     1   -0.107260   -0.107260    0.000000       0.015625
     2    0.000000   -0.107260    0.000000       0.015625
     3    0.107260   -0.107260    0.000000       0.015625
     4    0.214520   -0.107260    0.000000       0.015625
     5   -0.107260    0.000000    0.000000       0.015625
     6    0.000000    0.000000    0.000000       0.015625
     7    0.107260    0.000000    0.000000       0.015625
     8    0.214520    0.000000    0.000000       0.015625
     9   -0.107260    0.107260    0.000000       0.015625
    10    0.000000    0.107260    0.000000       0.015625
    11    0.107260    0.107260    0.000000       0.015625
    12    0.214520    0.107260    0.000000       0.015625
    13   -0.107260    0.214520    0.000000       0.015625
    14    0.000000    0.214520    0.000000       0.015625
    15    0.107260    0.214520    0.000000       0.015625
    16    0.214520    0.214520    0.000000       0.015625
    17   -0.107260   -0.107260    0.107260       0.031250
    18    0.000000   -0.107260    0.107260       0.031250
    19    0.107260   -0.107260    0.107260       0.031250
    20    0.214520   -0.107260    0.107260       0.031250
    21   -0.107260    0.000000    0.107260       0.031250
    22    0.000000    0.000000    0.107260       0.031250
    23    0.107260    0.000000    0.107260       0.031250
    24    0.214520    0.000000    0.107260       0.031250
    25   -0.107260    0.107260    0.107260       0.031250
    26    0.000000    0.107260    0.107260       0.031250
    27    0.107260    0.107260    0.107260       0.031250
    28    0.214520    0.107260    0.107260       0.031250
    29   -0.107260    0.214520    0.107260       0.031250
    30    0.000000    0.214520    0.107260       0.031250
    31    0.107260    0.214520    0.107260       0.031250
    32    0.214520    0.214520    0.107260       0.031250
    33   -0.107260   -0.107260    0.214520       0.015625
    34    0.000000   -0.107260    0.214520       0.015625
    35    0.107260   -0.107260    0.214520       0.015625
    36    0.214520   -0.107260    0.214520       0.015625
    37   -0.107260    0.000000    0.214520       0.015625
    38    0.000000    0.000000    0.214520       0.015625
    39    0.107260    0.000000    0.214520       0.015625
    40    0.214520    0.000000    0.214520       0.015625
    41   -0.107260    0.107260    0.214520       0.015625
    42    0.000000    0.107260    0.214520       0.015625
    43    0.107260    0.107260    0.214520       0.015625
    44    0.214520    0.107260    0.214520       0.015625
    45   -0.107260    0.214520    0.214520       0.015625
    46    0.000000    0.214520    0.214520       0.015625
    47    0.107260    0.214520    0.214520       0.015625
    48    0.214520    0.214520    0.214520       0.015625
