25
#   CELL_PARAMETERS    9.50461219   -4.75230609    0.00000000    0.00000000    8.23123560    0.00000000    0.00000000    0.00000000   58.50592080
   B      -0.72599527536545E-01    -0.12806757190623E-01     0.10889755132737E+02
   B       0.83282326034909E-01     0.26571154806143E+01     0.16322650097439E+02
   B      -0.22038357057624E+01     0.40368496016443E+01     0.95276443109843E+01
   B      -0.23217010929011E+01     0.67644622849465E+01     0.16249250362803E+02
   B       0.47063641594333E+01     0.14900497903276E+00     0.10202305912935E+02
   B       0.48197161829310E+01     0.26500562924698E+01     0.15985170483723E+02
   B       0.21657351044625E+01     0.40550927963139E+01     0.95798496611722E+01
   B       0.24357511671669E+01     0.67642812971981E+01     0.16235162670908E+02
   B      -0.31493623473444E-01    -0.22396286929468E-01     0.20827591236316E+02
   B      -0.24038913479397E+01     0.41051673744825E+01     0.21573474591285E+02
   B       0.47284374014319E+01    -0.19808195656173E-01     0.21826894040914E+02
   B       0.23325358497518E+01     0.41019539133738E+01     0.21608829237838E+02
   N      -0.48972957260022E-01     0.26612353483534E+01     0.11485988276911E+02
   N       0.60386786721268E-03     0.35353410289703E+01     0.78921638375604E+01
   N       0.65883559541127E-01    -0.10707596226220E+00     0.16935987074904E+02
   N      -0.23466116067120E+01     0.69022976171241E+01     0.10613569383568E+02
   N      -0.22820968285780E+01     0.40218735207693E+01     0.16030271457271E+02
   N       0.47230938105664E+01     0.27624667961758E+01     0.92325197284623E+01
   N       0.48252890003083E+01    -0.49164429062564E-01     0.15920275415388E+02
   N       0.22692898393358E+01     0.68172008335202E+01     0.10719165201283E+02
   N       0.24188354919339E+01     0.39954782035596E+01     0.16061752742623E+02
   N      -0.33981195289742E-01     0.27644125208524E+01     0.20713124623313E+02
   N      -0.23895331928426E+01     0.68458330944663E+01     0.21281290738177E+02
   N       0.47175642177540E+01     0.27338447712110E+01     0.22722116782976E+02
   N       0.23470303146379E+01     0.68505241273505E+01     0.21398678955793E+02