25
#   CELL_PARAMETERS    9.50461219   -4.75230609    0.00000000    0.00000000    8.23123560    0.00000000    0.00000000    0.00000000   58.50592080
   B       0.41901080949425E-01     0.19817921199675E-01     0.99644462710352E+01
   B       0.86033117115009E-01     0.28014286702603E+01     0.15774876320407E+02
   B      -0.23325775563330E+01     0.40986742129235E+01     0.97417047385176E+01
   B      -0.23706207445838E+01     0.69295179067510E+01     0.16005462623310E+02
   B       0.47735699985573E+01     0.17471179985701E-01     0.99393664482725E+01
   B       0.47175806716990E+01     0.27972951926819E+01     0.16060530383378E+02
   B       0.24090471409675E+01     0.41643226344398E+01     0.92411351814657E+01
   B       0.23679229628107E+01     0.68296927311973E+01     0.15914546783126E+02
   B      -0.47707564529103E-01    -0.81273431499727E-01     0.21661016392597E+02
   B      -0.24487965929545E+01     0.40081249695339E+01     0.22055052875764E+02
   B       0.46874466114171E+01    -0.53992139752890E-01     0.21830633443460E+02
   B       0.23206868366432E+01     0.40804899227109E+01     0.22437993661408E+02
   N       0.24991383580926E+01     0.41791623027921E+01     0.17396650329040E+02
   N       0.53989404389747E-01     0.27618596379466E+01     0.91993057163221E+01
   N      -0.28923776164624E-01     0.34297860761792E-01     0.15800713920251E+02
   N      -0.23268736884889E+01     0.68843725351725E+01     0.10956379501270E+02
   N      -0.23739302771337E+01     0.41698676229501E+01     0.15934006499394E+02
   N       0.47822963510335E+01     0.27575081621154E+01     0.91106164295779E+01
   N       0.47200892463940E+01     0.21570824148214E-01     0.16047422615632E+02
   N       0.24334458636620E+01     0.68713017381110E+01     0.96125866365325E+01
   N       0.24073734267542E+01     0.41904730721165E+01     0.14413486457462E+02
   N      -0.46227177371377E-01     0.26739270893699E+01     0.22328847271299E+02
   N      -0.24461924843847E+01     0.68074126881371E+01     0.20850967010087E+02
   N       0.46745920375879E+01     0.26731741124789E+01     0.22889339534006E+02
   N       0.23198664308243E+01     0.67859072426250E+01     0.21963921511619E+02