25
#   CELL_PARAMETERS    9.50461219   -4.75230609    0.00000000    0.00000000    8.23123560    0.00000000    0.00000000    0.00000000   58.50592080
   B      -0.48394128943138E-01    -0.34247275337374E-01     0.93500872321437E+01
   B      -0.24142302337245E+01     0.36947877705279E+01     0.99521986297024E+01
   B       0.47485426579898E+01    -0.40058743766343E-01     0.93538005539048E+01
   B       0.23318630914259E+01     0.41580615531120E+01     0.10442962041428E+02
   B       0.18531068093475E-01     0.27420143461173E+01     0.16250489003719E+02
   B      -0.23506578482786E+01     0.68485820683484E+01     0.16041316150868E+02
   B       0.47771642591608E+01     0.27409062008794E+01     0.16294398140870E+02
   B       0.23975179777523E+01     0.68588045104763E+01     0.15792673088969E+02
   B       0.29830569295703E-01     0.55057102411524E+01     0.21394715376558E+02
   B      -0.23614687338425E+01     0.95990053132056E+01     0.21237560851061E+02
   B       0.47551606602947E+01     0.55009409233397E+01     0.21537418589807E+02
   B       0.23969259774821E+01     0.95803909604492E+01     0.21415198319053E+02
   N      -0.24292581603501E+01     0.45052318188537E+01     0.71390473590326E+01
   N       0.61965668536582E-01     0.26939180537225E+01     0.10759222619389E+02
   N      -0.24193759288388E+01     0.70616535023598E+01     0.78600148802569E+01
   N       0.45969083332146E+01     0.26306307825566E+01     0.10792463583080E+02
   N       0.23479854761823E+01     0.68324849648703E+01     0.93699304538990E+01
   N       0.36954283907976E-01     0.54858918093740E+01     0.15416758618973E+02
   N      -0.23600014932018E+01     0.96042597022137E+01     0.17145548678040E+02
   N       0.47708466896975E+01     0.54828532034080E+01     0.15507208389312E+02
   N       0.24013139372261E+01     0.95698354190943E+01     0.16294105794610E+02
   N       0.45925146159539E-01     0.82186011949644E+01     0.21135437810793E+02
   N      -0.23563668810972E+01     0.12366777349680E+02     0.21418092191730E+02
   N       0.47654727883129E+01     0.82217411001905E+01     0.21624231554747E+02
   N       0.23950786894458E+01     0.12350736959169E+02     0.21515343406958E+02