25
#   CELL_PARAMETERS    9.50461219   -4.75230609    0.00000000    0.00000000    8.23123560    0.00000000    0.00000000    0.00000000   58.50592080
   B      -0.33097419397187E+00    -0.20459990790522E-01     0.84880124810990E+01
   B      -0.28273043472888E+01     0.42692734931736E+01     0.72068624841286E+01
   B       0.45106132889853E+01     0.72688935832131E-01     0.75945207211964E+01
   B       0.23244663563536E+01     0.42239882878261E+01     0.91285197848713E+01
   B       0.14886340466488E-01     0.27689530674819E+01     0.17488240233911E+02
   B      -0.23602153056938E+01     0.68701648860382E+01     0.17078292270051E+02
   B       0.47866451448188E+01     0.27722434692835E+01     0.17109891192872E+02
   B       0.24180910363202E+01     0.68650884541129E+01     0.16928759767181E+02
   B       0.43364850173955E-01    -0.18670971292376E-01     0.22358466269810E+02
   B      -0.23274271094856E+01     0.40909986404177E+01     0.22509169549571E+02
   B       0.47764922244199E+01    -0.91397360598557E-02     0.21832473036892E+02
   B       0.24363422244013E+01     0.41032281397610E+01     0.22404423033402E+02
   B       0.14817321438700E+01     0.23499412262729E+01     0.11204988532262E+02
   N      -0.24830880555710E+00     0.27046832369526E+01     0.89089093625096E+01
   N      -0.25678894678721E+01     0.69446389758973E+01     0.67506006031883E+01
   N       0.45494604508025E+01     0.27447641063707E+01     0.69687365606277E+01
   N       0.21215730559724E+01     0.69436908263315E+01     0.90125422752223E+01
   N       0.36401343551212E-01     0.54789650369814E+01     0.17230541336102E+02
   N      -0.23503651686047E+01     0.96266863235968E+01     0.17807120464974E+02
   N       0.47867644204748E+01     0.55050884655943E+01     0.16141408945446E+02
   N       0.24200535948713E+01     0.96152584890683E+01     0.17346877346135E+02
   N       0.60329141490081E-01     0.27200855989122E+01     0.23344302139033E+02
   N      -0.23363383011255E+01     0.68085530316798E+01     0.21973142936187E+02
   N       0.48265248579511E+01     0.27345456564926E+01     0.22073131297278E+02
   N       0.24218622433660E+01     0.68311968967910E+01     0.21770133469352E+02