               -106.3362214259
         -0.001461021       0.000037042       0.000000092
          0.000037042      -0.000138651      -0.000003592
          0.000000092      -0.000003592       0.000045189
           8
  1     5       0.008160216       0.068285611      -0.005192194  B
  2     7      -0.005334593      -0.067734678       0.004196247  N
  1     5      -0.014923820       0.052595834       0.003319226  B
  2     7       0.012228669      -0.054521417      -0.003529111  N
  2     7      -0.022510815       0.054662137      -0.000576683  N
  1     5       0.002254537      -0.058168318      -0.002057538  B
  2     7       0.010926867       0.054703482       0.001998103  N
  1     5       0.009342597      -0.049830121       0.001842395  B
