               -106.8290341902
          0.000398864      -0.000000461      -0.000000388
         -0.000000462       0.000068524      -0.000000842
         -0.000000388      -0.000000842       0.000795750
           8
  1     7       0.002655905       0.002593433      -0.018198123  N
  1     7       0.005529502      -0.000938386      -0.027405492  N
  1     7      -0.015784335       0.004280488      -0.007400386  N
  1     7       0.007712679      -0.003646010      -0.009307145  N
  2     5       0.009833615      -0.007238152       0.018651730  B
  2     5      -0.015220984       0.001987898       0.037006480  B
  2     5       0.003295613       0.000360895       0.007027187  B
  2     5       0.001986224       0.002618771      -0.000254774  B
