   144
     1   -0.437198   -0.135147    0.000000       0.004630
     2   -0.218599   -0.135147    0.000000       0.004630
     3    0.000000   -0.135147    0.000000       0.004630
     4    0.218599   -0.135147    0.000000       0.004630
     5    0.437198   -0.135147    0.000000       0.004630
     6    0.655797   -0.135147    0.000000       0.004630
     7   -0.437198   -0.067573    0.000000       0.004630
     8   -0.218599   -0.067573    0.000000       0.004630
     9    0.000000   -0.067573    0.000000       0.004630
    10    0.218599   -0.067573    0.000000       0.004630
    11    0.437198   -0.067573    0.000000       0.004630
    12    0.655797   -0.067573    0.000000       0.004630
    13   -0.437198    0.000000    0.000000       0.004630
    14   -0.218599    0.000000    0.000000       0.004630
    15    0.000000    0.000000    0.000000       0.004630
    16    0.218599    0.000000    0.000000       0.004630
    17    0.437198    0.000000    0.000000       0.004630
    18    0.655797    0.000000    0.000000       0.004630
    19   -0.437198    0.067573    0.000000       0.004630
    20   -0.218599    0.067573    0.000000       0.004630
    21    0.000000    0.067573    0.000000       0.004630
    22    0.218599    0.067573    0.000000       0.004630
    23    0.437198    0.067573    0.000000       0.004630
    24    0.655797    0.067573    0.000000       0.004630
    25   -0.437198    0.135147    0.000000       0.004630
    26   -0.218599    0.135147    0.000000       0.004630
    27    0.000000    0.135147    0.000000       0.004630
    28    0.218599    0.135147    0.000000       0.004630
    29    0.437198    0.135147    0.000000       0.004630
    30    0.655797    0.135147    0.000000       0.004630
    31   -0.437198    0.202720    0.000000       0.004630
    32   -0.218599    0.202720    0.000000       0.004630
    33    0.000000    0.202720    0.000000       0.004630
    34    0.218599    0.202720    0.000000       0.004630
    35    0.437198    0.202720    0.000000       0.004630
    36    0.655797    0.202720    0.000000       0.004630
    37   -0.437198   -0.135147    0.125216       0.009259
    38   -0.218599   -0.135147    0.125216       0.009259
    39    0.000000   -0.135147    0.125216       0.009259
    40    0.218599   -0.135147    0.125216       0.009259
    41    0.437198   -0.135147    0.125216       0.009259
    42    0.655797   -0.135147    0.125216       0.009259
    43   -0.437198   -0.067573    0.125216       0.009259
    44   -0.218599   -0.067573    0.125216       0.009259
    45    0.000000   -0.067573    0.125216       0.009259
    46    0.218599   -0.067573    0.125216       0.009259
    47    0.437198   -0.067573    0.125216       0.009259
    48    0.655797   -0.067573    0.125216       0.009259
    49   -0.437198    0.000000    0.125216       0.009259
    50   -0.218599    0.000000    0.125216       0.009259
    51    0.000000    0.000000    0.125216       0.009259
    52    0.218599    0.000000    0.125216       0.009259
    53    0.437198    0.000000    0.125216       0.009259
    54    0.655797    0.000000    0.125216       0.009259
    55   -0.437198    0.067573    0.125216       0.009259
    56   -0.218599    0.067573    0.125216       0.009259
    57    0.000000    0.067573    0.125216       0.009259
    58    0.218599    0.067573    0.125216       0.009259
    59    0.437198    0.067573    0.125216       0.009259
    60    0.655797    0.067573    0.125216       0.009259
    61   -0.437198    0.135147    0.125216       0.009259
    62   -0.218599    0.135147    0.125216       0.009259
    63    0.000000    0.135147    0.125216       0.009259
    64    0.218599    0.135147    0.125216       0.009259
    65    0.437198    0.135147    0.125216       0.009259
    66    0.655797    0.135147    0.125216       0.009259
    67   -0.437198    0.202720    0.125216       0.009259
    68   -0.218599    0.202720    0.125216       0.009259
    69    0.000000    0.202720    0.125216       0.009259
    70    0.218599    0.202720    0.125216       0.009259
    71    0.437198    0.202720    0.125216       0.009259
    72    0.655797    0.202720    0.125216       0.009259
    73   -0.437198   -0.135147    0.250431       0.009259
    74   -0.218599   -0.135147    0.250431       0.009259
    75    0.000000   -0.135147    0.250431       0.009259
    76    0.218599   -0.135147    0.250431       0.009259
    77    0.437198   -0.135147    0.250431       0.009259
    78    0.655797   -0.135147    0.250431       0.009259
    79   -0.437198   -0.067573    0.250431       0.009259
    80   -0.218599   -0.067573    0.250431       0.009259
    81    0.000000   -0.067573    0.250431       0.009259
    82    0.218599   -0.067573    0.250431       0.009259
    83    0.437198   -0.067573    0.250431       0.009259
    84    0.655797   -0.067573    0.250431       0.009259
    85   -0.437198    0.000000    0.250431       0.009259
    86   -0.218599    0.000000    0.250431       0.009259
    87    0.000000    0.000000    0.250431       0.009259
    88    0.218599    0.000000    0.250431       0.009259
    89    0.437198    0.000000    0.250431       0.009259
    90    0.655797    0.000000    0.250431       0.009259
    91   -0.437198    0.067573    0.250431       0.009259
    92   -0.218599    0.067573    0.250431       0.009259
    93    0.000000    0.067573    0.250431       0.009259
    94    0.218599    0.067573    0.250431       0.009259
    95    0.437198    0.067573    0.250431       0.009259
    96    0.655797    0.067573    0.250431       0.009259
    97   -0.437198    0.135147    0.250431       0.009259
    98   -0.218599    0.135147    0.250431       0.009259
    99    0.000000    0.135147    0.250431       0.009259
   100    0.218599    0.135147    0.250431       0.009259
   101    0.437198    0.135147    0.250431       0.009259
   102    0.655797    0.135147    0.250431       0.009259
   103   -0.437198    0.202720    0.250431       0.009259
   104   -0.218599    0.202720    0.250431       0.009259
   105    0.000000    0.202720    0.250431       0.009259
   106    0.218599    0.202720    0.250431       0.009259
   107    0.437198    0.202720    0.250431       0.009259
   108    0.655797    0.202720    0.250431       0.009259
   109   -0.437198   -0.135147    0.375647       0.004630
   110   -0.218599   -0.135147    0.375647       0.004630
   111    0.000000   -0.135147    0.375647       0.004630
   112    0.218599   -0.135147    0.375647       0.004630
   113    0.437198   -0.135147    0.375647       0.004630
   114    0.655797   -0.135147    0.375647       0.004630
   115   -0.437198   -0.067573    0.375647       0.004630
   116   -0.218599   -0.067573    0.375647       0.004630
   117    0.000000   -0.067573    0.375647       0.004630
   118    0.218599   -0.067573    0.375647       0.004630
   119    0.437198   -0.067573    0.375647       0.004630
   120    0.655797   -0.067573    0.375647       0.004630
   121   -0.437198    0.000000    0.375647       0.004630
   122   -0.218599    0.000000    0.375647       0.004630
   123    0.000000    0.000000    0.375647       0.004630
   124    0.218599    0.000000    0.375647       0.004630
   125    0.437198    0.000000    0.375647       0.004630
   126    0.655797    0.000000    0.375647       0.004630
   127   -0.437198    0.067573    0.375647       0.004630
   128   -0.218599    0.067573    0.375647       0.004630
   129    0.000000    0.067573    0.375647       0.004630
   130    0.218599    0.067573    0.375647       0.004630
   131    0.437198    0.067573    0.375647       0.004630
   132    0.655797    0.067573    0.375647       0.004630
   133   -0.437198    0.135147    0.375647       0.004630
   134   -0.218599    0.135147    0.375647       0.004630
   135    0.000000    0.135147    0.375647       0.004630
   136    0.218599    0.135147    0.375647       0.004630
   137    0.437198    0.135147    0.375647       0.004630
   138    0.655797    0.135147    0.375647       0.004630
   139   -0.437198    0.202720    0.375647       0.004630
   140   -0.218599    0.202720    0.375647       0.004630
   141    0.000000    0.202720    0.375647       0.004630
   142    0.218599    0.202720    0.375647       0.004630
   143    0.437198    0.202720    0.375647       0.004630
   144    0.655797    0.202720    0.375647       0.004630
