25
#    CELL_PARAMETERS    9.50461219   -4.75230609    0.00000000    0.00000000    8.23123560    0.00000000    0.00000000    0.00000000   58.50592080
   B      -0.93189592711364E-02    -0.46130606998265E-02     0.98487229914681E+01
   B      -0.23770454560737E+01     0.40902302305196E+01     0.98956315458661E+01
   B       0.47224930188690E+01    -0.33764230672908E-01     0.95490939874710E+01
   B       0.23750249202383E+01     0.41036324974150E+01     0.10420263648977E+02
   B       0.24798423424493E+00     0.29545368792066E+01     0.16024968743137E+02
   B      -0.22052666450318E+01     0.70633146043623E+01     0.15692786408810E+02
   B       0.50201688377033E+01     0.29184053245129E+01     0.15694660387537E+02
   B       0.26384740362155E+01     0.70276219005793E+01     0.15722713179249E+02
   B      -0.20239307044288E+00    -0.16424719718693E+00     0.21688952672191E+02
   B      -0.25420502918464E+01     0.38921265791511E+01     0.21998500477353E+02
   B       0.45714212257782E+01    -0.20660030518672E+00     0.21706480283351E+02
   B       0.21426136549005E+01     0.35941654669271E+01     0.21394100155233E+02
   N       0.21953822429761E+01     0.45784240574327E+01     0.18776867707514E+02
   N      -0.43288790815443E-02     0.27325336894450E+01     0.10895539889921E+02
   N      -0.23857507786686E+01     0.68399774874730E+01     0.85703125462685E+01
   N       0.47189168433997E+01     0.26953278600800E+01     0.10172435810798E+02
   N       0.23294556243704E+01     0.68273894339250E+01     0.10037376775653E+02
   N       0.15835654484069E+00     0.57458527176477E+01     0.15652966523252E+02
   N      -0.21181677160521E+01     0.98059599229405E+01     0.15934129375665E+02
   N       0.50177327041507E+01     0.56873847388740E+01     0.15015093769154E+02
   N       0.26710355684879E+01     0.98037924200513E+01     0.16164448345807E+02
   N      -0.31461507982408E+00     0.24604471701107E+01     0.22428917829911E+02
   N      -0.25068172460270E+01     0.67269233236964E+01     0.21243329222097E+02
   N       0.46167254999215E+01     0.24818844223171E+01     0.22149054520760E+02
   N       0.21536236473939E+01     0.66657002843432E+01     0.21128774382347E+02