25
#   CELL_PARAMETERS    9.50461219   -4.75230609    0.00000000    0.00000000    8.23123560    0.00000000    0.00000000    0.00000000   58.50592080
   B      -0.15255641191569E-01    -0.44498586960024E+00     0.94124844078718E+01
   B      -0.22105757053422E+01     0.44131974240985E+01     0.95614661689676E+01
   B       0.48247913234646E+01     0.29608393581756E+00     0.10634906746496E+02
   B       0.28507393611574E+01     0.45615974616450E+01     0.10933915729223E+02
   B      -0.88594464423701E-01     0.26649680439172E+01     0.15821553251153E+02
   B      -0.24503334550281E+01     0.67869618516335E+01     0.15952925230005E+02
   B       0.46797920852322E+01     0.26886540374532E+01     0.15997840000875E+02
   B       0.22877312248166E+01     0.67932285328200E+01     0.16034550467070E+02
   B       0.31845494186115E-02     0.27742256615031E-01     0.21071541938701E+02
   B      -0.23777800517808E+01     0.41496844049403E+01     0.21227418677045E+02
   B       0.47655670669731E+01     0.36756992021745E-01     0.21422465428503E+02
   B       0.24002328074792E+01     0.41468151683970E+01     0.21296532138867E+02
   B      -0.39664164322390E+00     0.11576484502994E+01     0.66244987290874E+01
   N      -0.22960475353048E+00     0.29892255538851E+01     0.85487212840828E+01
   N      -0.21551587055394E+01     0.70685591466064E+01     0.95580485886589E+01
   N       0.50065249545776E+01     0.30556816592987E+01     0.11200099035589E+02
   N       0.23967765013107E+01     0.71587346383726E+01     0.11026409594828E+02
   N      -0.83361876045172E-01     0.53885365793331E+01     0.15421391128382E+02
   N      -0.24537245105919E+01     0.95310600469578E+01     0.15618873818756E+02
   N       0.46622069312092E+01     0.54141959176190E+01     0.16670881091907E+02
   N       0.22837160489558E+01     0.95316404606785E+01     0.16088987337757E+02
   N       0.20100179517743E-01     0.27766720572765E+01     0.20759927892653E+02
   N      -0.23557811921384E+01     0.68998869401171E+01     0.21103890261999E+02
   N       0.47683496624643E+01     0.27706952615369E+01     0.21867576856024E+02
   N       0.23801358232436E+01     0.68913816923087E+01     0.21332563679039E+02