25
#   CELL_PARAMETERS    9.50461219   -4.75230609    0.00000000    0.00000000    8.23123560    0.00000000    0.00000000    0.00000000   58.50592080
   B      -0.12495598678318E+00     0.76472759072510E-02     0.80624309876161E+01
   B      -0.36515416746402E+00     0.24865183349763E+01     0.16501523780320E+02
   B      -0.24657763195719E+01     0.40678937685487E+01     0.81597327623519E+01
   B      -0.20043690944419E+01     0.70247056452288E+01     0.17662131763163E+02
   B       0.46367232983291E+01    -0.44145584242370E-01     0.84797144959258E+01
   B       0.50765943373023E+01     0.29303563532379E+01     0.17014519086741E+02
   B       0.22948919454564E+01     0.40991279268406E+01     0.74877779042869E+01
   B       0.27685325229035E+01     0.68978273807554E+01     0.16735732166511E+02
   B       0.45976853461950E-02     0.12928542366820E-02     0.22269028750515E+02
   B      -0.23783329836580E+01     0.41262760175900E+01     0.22220117245079E+02
   B       0.48518465591306E+01     0.58457924907985E-01     0.21903921082867E+02
   B       0.23773032426042E+01     0.41283214405215E+01     0.22504644447628E+02
   B       0.89121364560812E+00     0.33003392296771E+01     0.13586345280741E+02
   N      -0.11378031700801E+00     0.27124894743085E+01     0.69393563877557E+01
   N       0.34220519386913E+00    -0.42694181641548E-01     0.17279736800513E+02
   N      -0.24513463630639E+01     0.68333260563056E+01     0.93815596253771E+01
   N      -0.21844310909857E+01     0.43352538277710E+01     0.17377263353544E+02
   N       0.46164096586288E+01     0.27032430729063E+01     0.80702968607634E+01
   N       0.51446124342882E+01     0.16199667632893E+00     0.17920792361181E+02
   N       0.22455293535724E+01     0.68165677220870E+01     0.78416075962100E+01
   N       0.26735373131425E+01     0.44180085401881E+01     0.15116619761020E+02
   N      -0.40857421145274E-02     0.27463911156569E+01     0.22344029935518E+02
   N      -0.23588042916608E+01     0.68694940852130E+01     0.21584745751693E+02
   N       0.47635601152499E+01     0.27885888197181E+01     0.22494323704890E+02
   N       0.24049132238634E+01     0.68483592628466E+01     0.22688091341499E+02