25
#   CELL_PARAMETERS    9.50461219   -4.75230609    0.00000000    0.00000000    8.23123560    0.00000000    0.00000000    0.00000000   58.50592080
   B      -0.13864593171563E+00    -0.55662963647938E-01     0.81022590678579E+01
   B      -0.24842167467139E+01     0.40534290890501E+01     0.85145889849657E+01
   B       0.46050378376645E+01    -0.47674211801490E-01     0.74309701042895E+01
   B       0.22894220044730E+01     0.41088782128553E+01     0.79890992769228E+01
   B       0.34670591426695E+00     0.25953899438716E+01     0.17562599979610E+02
   B      -0.19866420738410E+01     0.67896612599786E+01     0.17133737500835E+02
   B       0.50975125239187E+01     0.27281696461961E+01     0.16676967045322E+02
   B       0.18345765739035E+01     0.72176932221204E+01     0.16606843196419E+02
   B       0.45011397798992E-01     0.55082954911258E+01     0.22259271402768E+02
   B      -0.23131809732029E+01     0.96136125034316E+01     0.22134758520746E+02
   B       0.47734097683826E+01     0.55226035455474E+01     0.22183487811934E+02
   B       0.24188087288775E+01     0.96173668844737E+01     0.22414134411305E+02
   B       0.31891217669872E+01     0.63651465259516E+01     0.13728682495802E+02
   N      -0.12300363007172E+00     0.27129668098152E+01     0.94735907548582E+01
   N      -0.24570290606109E+01     0.68016003340629E+01     0.80310071046993E+01
   N       0.46864376414097E+01     0.26893856942436E+01     0.78408557087207E+01
   N       0.22551298312221E+01     0.68129473281526E+01     0.67251719833690E+01
   N       0.18589486023803E+00     0.52653646042915E+01     0.17556099097685E+02
   N      -0.20224441578307E+01     0.95049442720866E+01     0.17953587857677E+02
   N       0.51569169207335E+01     0.51187469492022E+01     0.14927388823153E+02
   N       0.27021907003429E+01     0.96879039545977E+01     0.17246783065894E+02
   N       0.72033878315303E-01     0.82358599411221E+01     0.22590379328583E+02
   N      -0.23550359984634E+01     0.12375259198385E+02     0.21923290845928E+02
   N       0.47983904419850E+01     0.82611027904509E+01     0.22476443237158E+02
   N       0.23813302436548E+01     0.12381842739508E+02     0.22182163906101E+02