23
#   CELL_PARAMETERS    9.50461219   -4.75230609    0.00000000    0.00000000    8.23123560    0.00000000    0.00000000    0.00000000   58.50592080
   B       0.25059349297345E-01    -0.61162661425282E-01     0.10130884311346E+02
   B      -0.23451855271807E+01     0.40577227099473E+01     0.10098832357052E+02
   B       0.47780152559821E+01    -0.59462042733681E-01     0.10139814497815E+02
   B       0.23973171670063E+01     0.40503182918075E+01     0.10273010898583E+02
   B       0.38730995979823E-01     0.27379490427436E+01     0.15606782337535E+02
   B      -0.23383660303669E+01     0.68616481695296E+01     0.15313148812828E+02
   B       0.47795249048764E+01     0.27381305851156E+01     0.15371956737768E+02
   B       0.24216199665451E+01     0.68477608082735E+01     0.15909487785799E+02
   B      -0.12167293805972E+00     0.54852346855986E+01     0.21312817024222E+02
   B       0.46080888545843E+01     0.55932889957355E+01     0.21384577013296E+02
   B       0.23027545980448E+01     0.97952843654866E+01     0.21038844720832E+02
   N       0.68457195511194E-02     0.26832067787363E+01     0.10221824060361E+02
   N      -0.23569204771056E+01     0.68009041266806E+01     0.98337645275271E+01
   N       0.47978869238367E+01     0.26916598817221E+01     0.10347313937043E+02
   N       0.23915479125716E+01     0.67999119890754E+01     0.10211876903571E+02
   N       0.43116717328874E-01     0.55016739737204E+01     0.16003388558454E+02
   N      -0.23368011542345E+01     0.95851355023824E+01     0.14498235327964E+02
   N       0.47754257727583E+01     0.54994790989999E+01     0.15437243328829E+02
   N       0.24044388843053E+01     0.95722640536554E+01     0.16345141133613E+02
   N       0.35659629683998E+00     0.81063207347809E+01     0.22176323604189E+02
   N      -0.24566300991512E+01     0.12463824547088E+02     0.21886296133209E+02
   N       0.45157616776263E+01     0.83052354790398E+01     0.22168197341655E+02
   N       0.21770340655073E+01     0.12518955740371E+02     0.20369801094868E+02