23
#CELL_PARAMETERS    9.50461219   -4.75230609    0.00000000   0.00000000    8.23123560    0.00000000    0.00000000    0.00000000   58.50592080
   B       0.37435709795368E-02    -0.45432396141202E-02     0.10200813600058E+02
   B      -0.23781220002765E+01     0.41085469311471E+01     0.10087007705899E+02
   B       0.47582553703706E+01    -0.11691892790569E-01     0.10221462400677E+02
   B       0.23802983892576E+01     0.41039872725895E+01     0.10205273701115E+02
   B       0.23189003753974E-01     0.27251948720720E+01     0.15255098792819E+02
   B      -0.23472251117149E+01     0.68539557642374E+01     0.15674786038125E+02
   B       0.47712990790370E+01     0.27231302719416E+01     0.15671461740023E+02
   B       0.23858055740071E+01     0.68501598135602E+01     0.15771419815028E+02
   B      -0.30777699919753E-01     0.53797093787665E-01     0.21480820114322E+02
   B      -0.23883244195720E+01     0.41265783092915E+01     0.21516122761817E+02
   B       0.47174767632096E+01     0.28218154837777E-01     0.21229330508822E+02
   B       0.23196568618923E+01     0.41294348813397E+01     0.21449876525049E+02
   N       0.88263384408166E-02     0.27365611290196E+01     0.10115144630184E+02
   N      -0.23784838666690E+01     0.68459011291736E+01     0.10042325493138E+02
   N       0.47643064916766E+01     0.27456213921296E+01     0.10079489827747E+02
   N       0.23905967820737E+01     0.68467851997667E+01     0.10434695758004E+02
   N       0.32052121213156E-01     0.54574658531653E+01     0.15375010674802E+02
   N      -0.23621826843590E+01     0.95927109675133E+01     0.14982343537420E+02
   N       0.47648316264591E+01     0.54738847087871E+01     0.16658775657252E+02
   N       0.24054930566408E+01     0.95905135712666E+01     0.15376237604612E+02
   N      -0.23655007844198E+01     0.69164932875799E+01     0.21480951275048E+02
   N       0.47160160135492E+01     0.27192932033686E+01     0.21436592269700E+02
   N       0.23072042575865E+01     0.69189306630569E+01     0.21361794341540E+02