23
#    CELL_PARAMETERS    9.50461219   -4.75230609    0.00000000     0.00000000    8.23123560    0.00000000    0.00000000    0.00000000   58.50592080
   B      -0.87183764041079E-01     0.10184408467148E+00     0.98526539671156E+01
   B      -0.24285734649471E+01     0.42278236236078E+01     0.10186521794618E+02
   B       0.45743363928387E+01     0.31609820647864E-01     0.97334040582926E+01
   B       0.62957757496073E-01     0.26803424834666E+01     0.16081603876553E+02
   B      -0.23175991380356E+01     0.68050037102222E+01     0.15622899552810E+02
   B       0.47955636563395E+01     0.26961397153527E+01     0.15965266498956E+02
   B       0.24289814885465E+01     0.68231523024457E+01     0.16107217367631E+02
   B      -0.66299848877960E-02    -0.15105634891533E-02     0.21271409030344E+02
   B      -0.23641665625980E+01     0.41018370631261E+01     0.21263141704666E+02
   B       0.47704825270965E+01    -0.30333911601710E-02     0.21144705977508E+02
   B       0.23853025196902E+01     0.40997062675079E+01     0.21495293916477E+02
   N      -0.12564923756872E+00     0.27379005732448E+01     0.11039770900051E+02
   N      -0.25419043342238E+01     0.69176775484501E+01     0.88944871980431E+01
   N       0.48743944452968E+01     0.25633285317585E+01     0.10988073857357E+02
   N       0.22840416488251E+01     0.72033987506221E+01     0.10052289111462E+02
   N       0.64850600233059E-01     0.54410944512462E+01     0.15774335678045E+02
   N      -0.23213394641501E+01     0.95296966746881E+01     0.15519055280313E+02
   N       0.48115632839471E+01     0.54587481605189E+01     0.15312432295699E+02
   N       0.24559002592989E+01     0.95582189999619E+01     0.17091369809947E+02
   N       0.19198181762232E-01     0.27474533623581E+01     0.21777487644010E+02
   N      -0.23625161030783E+01     0.68639220447284E+01     0.20767410820538E+02
   N       0.47532662904256E+01     0.27471101985189E+01     0.21334240489279E+02
   N       0.23911456552895E+01     0.68265219917991E+01     0.21358139242818E+02