23
#    CELL_PARAMETERS    9.50461219   -4.75230609    0.00000000    0.00000000    8.23123560    0.00000000    0.00000000    0.00000000   58.50592080
   B      -0.36218647195526E-01     0.26446804168680E-01     0.96475548493061E+01
   B       0.48091197359212E-01     0.27307282972129E+01     0.15829512527445E+02
   B      -0.24336006253496E+01     0.41402915761947E+01     0.10219589657792E+02
   B      -0.23165732536575E+01     0.68420870984431E+01     0.15926979688199E+02
   B       0.46812061236665E+01     0.20648025142270E-01     0.96864844433028E+01
   B       0.48009078310097E+01     0.27353394011036E+01     0.15709622712460E+02
   B       0.23186279417698E+01     0.41199091400784E+01     0.97585925503671E+01
   B       0.24322868115430E+01     0.68497515577407E+01     0.15961482357188E+02
   B      -0.25923261774307E-02    -0.58669691216228E-02     0.21614768845657E+02
   B      -0.23713353406152E+01     0.41166575933844E+01     0.21651296476102E+02
   B       0.47432928787175E+01     0.23711322486485E-02     0.21537701811065E+02
   B       0.23673239671870E+01     0.41125803427804E+01     0.21503221506088E+02
   N      -0.10342726945158E+00     0.27934124165268E+01     0.10009684891307E+02
   N       0.53201618013076E-01    -0.19795619406777E-02     0.16425159563755E+02
   N      -0.24381404442630E+01     0.68153324409596E+01     0.99628286024214E+01
   N      -0.23236758569465E+01     0.40998671185527E+01     0.15468934558780E+02
   N       0.47390378062107E+01     0.27898085352512E+01     0.10047727890966E+02
   N       0.48008391891757E+01    -0.81252995711267E-02     0.15931465760858E+02
   N       0.24254133004539E+01     0.40993296023052E+01     0.15558031496973E+02
   N       0.74975454601221E-03     0.27510945323544E+01     0.21724882486907E+02
   N      -0.23755114262316E+01     0.68518324020556E+01     0.21907519420002E+02
   N       0.47480802201949E+01     0.27352828407782E+01     0.21331682536128E+02
   N       0.23679844639644E+01     0.68495033692267E+01     0.21381482867628E+02