23
#   CELL_PARAMETERS   9.50461219   -4.75230609    0.00000000    0.00000000    8.23123560    0.00000000    0.00000000    0.00000000   58.50592080
   B      -0.74901978225490E-01    -0.23492980566550E-01     0.10039275241412E+02
   B      -0.24227742598825E+01     0.40975063317724E+01     0.10231889716747E+02
   B       0.47235914215613E+01    -0.34374322536611E-01     0.10012424317916E+02
   B       0.23255650912047E+01     0.41378677996290E+01     0.10040157659082E+02
   B       0.17673591717702E-01     0.27876131968242E+01     0.15891181362464E+02
   B      -0.23621907294551E+01     0.68996430245498E+01     0.15841001758703E+02
   B       0.47789949448200E+01     0.27878906279421E+01     0.15805520850154E+02
   B       0.23933398581866E+01     0.69096054285315E+01     0.16236161120120E+02
   B       0.16369990583670E-01     0.54553118061910E+01     0.21441951001803E+02
   B      -0.23585592567038E+01     0.95720877071723E+01     0.21402097826270E+02
   B       0.47814068289810E+01     0.54511772568347E+01     0.21330793443916E+02
   B       0.23927205669509E+01     0.95728451149985E+01     0.21193455456150E+02
   N      -0.97329716952257E-01     0.27621601892397E+01     0.10093928299845E+02
   N      -0.24273481627380E+01     0.67996382823340E+01     0.10063091768164E+02
   N       0.47449677277364E+01     0.27587375382688E+01     0.10045194278351E+02
   N       0.38265204446230E-01     0.55425009760581E+01     0.16349242262195E+02
   N      -0.23525064297579E+01     0.96445517958890E+01     0.14930058248048E+02
   N       0.47555614595515E+01     0.55401754095412E+01     0.16125844824227E+02
   N       0.23899288378213E+01     0.96359481992046E+01     0.16367003627113E+02
   N       0.24036081360370E-01     0.81935026498641E+01     0.21392176874877E+02
   N      -0.23497822021574E+01     0.12308156866326E+02     0.21772760311221E+02
   N       0.47844668684590E+01     0.82047612412560E+01     0.20946891261977E+02
   N       0.23998678951044E+01     0.12306161398358E+02     0.21339214417180E+02