23
#   CELL_PARAMETERS    9.50461219   -4.75230609    0.00000000    0.00000000    8.23123560    0.00000000    0.00000000    0.00000000   58.50592080
   B       0.87114353365206E-02    -0.52467230731501E-02     0.10099436555324E+02
   B      -0.23577393346016E+01     0.41056067911422E+01     0.10002146384081E+02
   B       0.47700195933181E+01    -0.25919711149454E-02     0.10622877150816E+02
   B       0.23759266344835E+01     0.40982828354454E+01     0.99749465519754E+01
   B      -0.22464199014355E+01     0.67283491905114E+01     0.15735715191864E+02
   B       0.47020253552069E+01     0.30439710769028E+01     0.15544997982414E+02
   B       0.21559509973696E+01     0.67550279518793E+01     0.15713655023863E+02
   B      -0.72520932446776E-03     0.96243431624068E-01     0.21410942882045E+02
   B      -0.23551851269080E+01     0.42140221689684E+01     0.21582832956451E+02
   B       0.47558126353473E+01     0.11455424066870E+00     0.20855720776635E+02
   B       0.23678156072919E+01     0.42146882218653E+01     0.21554222827346E+02
   N       0.17852213662245E-01     0.27359517484372E+01     0.88691462726960E+01
   N      -0.23517914404519E+01     0.68513723397591E+01     0.10736694654293E+02
   N       0.47671757212172E+01     0.27301538325934E+01     0.10385588059340E+02
   N       0.23814310843799E+01     0.68510384730748E+01     0.10692765212199E+02
   N      -0.35192535663784E-01     0.52113203807251E+01     0.16012378175584E+02
   N      -0.17582002114084E+01     0.92890284939684E+01     0.15948307613821E+02
   N       0.46563133021235E+01     0.56487627158611E+01     0.15340379015483E+02
   N       0.18512058142898E+01     0.93636260890924E+01     0.15898565345268E+02
   N       0.27130065650819E-02     0.28546092007949E+01     0.22714509521998E+02
   N      -0.23685189415208E+01     0.69484337814387E+01     0.20788252532853E+02
   N       0.47651612943794E+01     0.28329751097450E+01     0.21238364895224E+02
   N       0.23851664467769E+01     0.69473575434814E+01     0.20716654992753E+02