23
#   CELL_PARAMETERS    9.50461219   -4.75230609    0.00000000    0.00000000    8.23123560    0.00000000    0.00000000    0.00000000   58.50592080
   B       0.26218979221324E-01    -0.15828550192921E-01     0.99318900674405E+01
   B      -0.23524990119842E+01     0.40751909287978E+01     0.10212482115636E+02
   B       0.48127433010272E+01    -0.40411376049121E-01     0.10554123588654E+02
   B       0.24081021012833E+01     0.40609013795404E+01     0.99320376646982E+01
   B      -0.27125639629980E+01     0.68540278083333E+01     0.15596674577312E+02
   B       0.46989922961946E+01     0.27543384820274E+01     0.15603868833057E+02
   B       0.21806627332690E+01     0.69892260897089E+01     0.15510509881065E+02
   B       0.41950293444532E-01     0.55211872610328E+01     0.21450579104160E+02
   B      -0.23241709910758E+01     0.96134055080646E+01     0.21439852682222E+02
   B       0.47963645480393E+01     0.55002409182695E+01     0.21062223338885E+02
   B       0.24135861776112E+01     0.96138967553689E+01     0.21363391667667E+02
   N       0.34754242484055E-01     0.27045900483177E+01     0.89588206009361E+01
   N      -0.23221046710205E+01     0.68473416937735E+01     0.10782741117447E+02
   N       0.47736919283708E+01     0.26989770763660E+01     0.10788233135054E+02
   N       0.24029543316146E+01     0.68244751577705E+01     0.10076448428804E+02
   N      -0.19513597139375E+00     0.57611049661465E+01     0.16595274805607E+02
   N      -0.19686767880155E+01     0.92745753394870E+01     0.16674508479048E+02
   N       0.44476698282398E+01     0.55109396946267E+01     0.14816996877230E+02
   N       0.23479861166290E+01     0.96871405773352E+01     0.15583888752548E+02
   N       0.42905004259629E-01     0.82328163424567E+01     0.22390220227314E+02
   N      -0.23120984872315E+01     0.12377668750359E+02     0.21256290886333E+02
   N       0.47903722181258E+01     0.82322836565447E+01     0.20875540669367E+02
   N       0.24151834325849E+01     0.12361145353858E+02     0.20882146598926E+02