# Rows | Columns (Hamiltonian neighbor indices)
84 246
84 247
84 245
84 244
87 246
87 247
87 245
87 244
86 246
86 247
86 245
86 244
85 246
85 247
85 245
85 244
246 84
246 87
246 86
246 85
247 84
247 87
247 86
247 85
245 84
245 87
245 86
245 85
244 84
244 87
244 86
244 85
150 16
150 19
150 18
150 17
148 16
148 19
148 18
148 17
149 16
149 19
149 18
149 17
151 16
151 19
151 18
151 17
16 150
16 148
16 149
16 151
19 150
19 148
19 149
19 151
18 150
18 148
18 149
18 151
17 150
17 148
17 149
17 151
50 210
50 208
50 209
50 154
50 155
50 153
50 152
50 211
49 210
49 208
49 209
49 154
49 155
49 153
49 152
49 211
48 210
48 208
48 209
48 154
48 155
48 153
48 152
48 211
51 210
51 208
51 209
51 154
51 155
51 153
51 152
51 211
210 50
210 49
210 48
210 51
208 50
208 49
208 48
208 51
209 50
209 49
209 48
209 51
154 50
154 49
154 48
154 51
155 50
155 49
155 48
155 51
153 50
153 49
153 48
153 51
152 50
152 49
152 48
152 51
211 50
211 49
211 48
211 51
198 16
198 19
198 18
198 17
16 198
16 199
16 196
16 197
19 198
19 199
19 196
19 197
18 198
18 199
18 196
18 197
17 198
17 199
17 196
17 197
199 16
199 19
199 18
199 17
196 16
196 19
196 18
196 17
197 16
197 19
197 18
197 17
206 123
206 122
206 121
206 120
205 123
205 122
205 121
205 120
204 123
204 122
204 121
204 120
207 123
207 122
207 121
207 120
123 206
123 205
123 204
123 207
122 206
122 205
122 204
122 207
121 206
121 205
121 204
121 207
120 206
120 205
120 204
120 207
30 167
30 165
30 166
30 164
31 167
31 165
31 166
31 164
28 167
28 165
28 166
28 164
29 167
29 165
29 166
29 164
246 12
246 13
246 14
246 15
247 12
247 13
247 14
247 15
245 12
245 13
245 14
245 15
244 12
244 13
244 14
244 15
180 124
180 126
180 125
180 127
183 124
183 126
183 125
183 127
182 124
182 126
182 125
182 127
181 124
181 126
181 125
181 127
150 99
150 98
150 97
150 96
148 99
148 98
148 97
148 96
149 99
149 98
149 97
149 96
151 99
151 98
151 97
151 96
167 30
167 31
167 28
167 29
165 30
165 31
165 28
165 29
166 30
166 31
166 28
166 29
164 30
164 31
164 28
164 29
12 246
12 247
12 245
12 244
13 246
13 247
13 245
13 244
14 246
14 247
14 245
14 244
15 246
15 247
15 245
15 244
124 180
124 183
124 182
124 181
126 180
126 183
126 182
126 181
125 180
125 183
125 182
125 181
127 180
127 183
127 182
127 181
99 150
99 148
99 149
99 151
98 150
98 148
98 149
98 151
97 150
97 148
97 149
97 151
96 150
96 148
96 149
96 151
243 124
243 126
243 125
243 127
242 124
242 126
242 125
242 127
241 124
241 126
241 125
241 127
240 124
240 126
240 125
240 127
124 243
124 242
124 241
124 240
126 243
126 242
126 241
126 240
125 243
125 242
125 241
125 240
127 243
127 242
127 241
127 240
99 224
99 225
99 226
99 227
98 224
98 225
98 226
98 227
97 224
97 225
97 226
97 227
96 224
96 225
96 226
96 227
224 99
224 98
224 97
224 96
225 99
225 98
225 97
225 96
226 99
226 98
226 97
226 96
227 99
227 98
227 97
227 96
37 172
37 175
37 174
37 173
38 172
38 175
38 174
38 173
39 172
39 175
39 174
39 173
36 172
36 175
36 174
36 173
172 37
172 38
172 39
172 36
175 37
175 38
175 39
175 36
174 37
174 38
174 39
174 36
173 37
173 38
173 39
173 36
138 32
138 33
138 34
138 35
137 32
137 33
137 34
137 35
136 32
136 33
136 34
136 35
32 138
32 137
32 136
32 139
33 138
33 137
33 136
33 139
34 138
34 137
34 136
34 139
35 138
35 137
35 136
35 139
139 32
139 33
139 34
139 35
115 128
115 129
115 130
115 131
113 128
113 129
113 130
113 131
112 128
112 129
112 130
112 131
114 128
114 129
114 130
114 131
128 115
128 113
128 112
128 114
129 115
129 113
129 112
129 114
130 115
130 113
130 112
130 114
131 115
131 113
131 112
131 114
119 224
119 225
119 226
119 227
116 224
116 225
116 226
116 227
224 119
224 116
224 118
224 117
225 119
225 116
225 118
225 117
118 224
118 225
118 226
118 227
117 224
117 225
117 226
117 227
226 119
226 116
226 118
226 117
227 119
227 116
227 118
227 117
