# Rows | Columns (Hamiltonian neighbor indices)
47 212
47 214
47 213
47 215
57 240
57 241
57 242
57 243
56 240
56 241
56 242
56 243
240 57
240 56
240 59
240 58
241 57
241 56
241 59
241 58
242 57
242 56
242 59
242 58
243 57
243 56
243 59
243 58
59 240
59 241
59 242
59 243
58 240
58 241
58 242
58 243
46 212
46 214
46 213
46 215
44 212
44 214
44 213
44 215
45 212
45 214
45 213
45 215
212 47
212 46
212 44
212 45
214 47
214 46
214 44
214 45
213 47
213 46
213 44
213 45
215 47
215 46
215 44
215 45
212 124
212 127
212 125
212 126
214 124
214 127
214 125
214 126
213 124
213 127
213 125
213 126
215 124
215 127
215 125
215 126
124 212
124 214
124 213
124 215
127 212
127 214
127 213
127 215
125 212
125 214
125 213
125 215
126 212
126 214
126 213
126 215
149 15
149 14
149 13
149 12
148 15
148 14
148 13
148 12
150 15
150 14
150 13
150 12
151 15
151 14
151 13
151 12
124 173
124 175
124 174
124 172
127 173
127 175
127 174
127 172
125 173
125 175
125 174
125 172
126 173
126 175
126 174
126 172
15 149
15 148
15 150
15 151
14 149
14 148
14 150
14 151
13 149
13 148
13 150
13 151
12 149
12 148
12 150
12 151
173 124
173 127
173 125
173 126
175 124
175 127
175 125
175 126
174 124
174 127
174 125
174 126
172 124
172 127
172 125
172 126
227 55
227 53
227 52
227 54
55 227
55 224
55 226
55 225
53 227
53 224
53 226
53 225
52 227
52 224
52 226
52 225
54 227
54 224
54 226
54 225
224 55
224 53
224 52
224 54
226 55
226 53
226 52
226 54
225 55
225 53
225 52
225 54
227 1
227 2
227 3
227 0
224 1
224 2
224 3
224 0
226 1
226 2
226 3
226 0
225 1
225 2
225 3
225 0
1 227
1 224
1 226
1 225
2 227
2 224
2 226
2 225
3 227
3 224
3 226
3 225
0 227
0 224
0 226
0 225
1 152
1 153
1 154
1 155
2 152
2 153
2 154
2 155
3 152
3 153
3 154
3 155
0 152
0 153
0 154
0 155
152 1
152 2
152 3
152 0
153 1
153 2
153 3
153 0
154 1
154 2
154 3
154 0
155 1
155 2
155 3
155 0
130 11
130 10
130 9
130 8
131 11
131 10
131 9
131 8
129 11
129 10
129 9
129 8
128 11
128 10
128 9
128 8
123 222
123 220
123 221
123 223
122 222
122 220
122 221
122 223
121 222
121 220
121 221
121 223
120 222
120 220
120 221
120 223
11 130
11 131
11 129
11 128
10 130
10 131
10 129
10 128
9 130
9 131
9 129
9 128
8 130
8 131
8 129
8 128
222 123
222 122
222 121
222 120
220 123
220 122
220 121
220 120
221 123
221 122
221 121
221 120
223 123
223 122
223 121
223 120
87 137
87 138
87 136
87 139
86 137
86 138
86 136
86 139
85 137
85 138
85 136
85 139
84 137
84 138
84 136
84 139
40 137
40 138
40 136
40 139
42 137
42 138
42 136
42 139
43 137
43 138
43 136
43 139
137 87
137 86
137 85
137 84
137 40
137 42
137 43
137 41
138 87
138 86
138 85
138 84
138 40
138 42
138 43
138 41
136 87
136 86
136 85
136 84
136 40
136 42
136 43
136 41
139 87
139 86
139 85
139 84
139 40
139 42
139 43
139 41
41 137
41 138
41 136
41 139
137 11
137 10
137 9
137 8
138 11
138 10
138 9
138 8
136 11
136 10
136 9
136 8
139 11
139 10
139 9
139 8
11 137
11 138
11 136
11 139
10 137
10 138
10 136
10 139
9 137
9 138
9 136
9 139
8 137
8 138
8 136
8 139
250 82
250 83
250 81
250 80
251 82
251 83
251 81
251 80
249 82
249 83
249 81
249 80
248 82
248 83
248 81
248 80
82 250
82 251
82 249
82 248
83 250
83 251
83 249
83 248
81 250
81 251
81 249
81 248
80 250
80 251
80 249
80 248
165 103
165 101
165 102
165 100
167 103
167 101
167 102
167 100
166 103
166 101
166 102
166 100
164 103
164 101
164 102
164 100
103 165
103 167
103 166
103 164
101 165
101 167
101 166
101 164
102 165
102 167
102 166
102 164
100 165
100 167
100 166
100 164
222 74
222 73
222 75
222 72
220 74
220 73
220 75
220 72
221 74
221 73
221 75
221 72
74 222
74 220
74 221
74 223
223 74
223 73
223 75
223 72
73 222
73 220
73 221
73 223
75 222
75 220
75 221
75 223
72 222
72 220
72 221
72 223
222 25
222 26
222 27
222 24
220 25
220 26
220 27
220 24
221 25
221 26
221 27
221 24
223 25
223 26
223 27
223 24
25 222
25 220
25 221
25 223
26 222
26 220
26 221
26 223
27 222
27 220
27 221
27 223
24 222
24 220
24 221
24 223
173 20
173 22
173 23
173 21
175 20
175 22
175 23
175 21
174 20
174 22
174 23
174 21
172 20
172 22
172 23
172 21
152 20
152 22
152 23
152 21
153 20
153 22
153 23
153 21
154 20
154 22
154 23
154 21
155 20
155 22
155 23
155 21
82 147
82 146
82 145
82 144
83 147
83 146
83 145
83 144
81 147
81 146
81 145
81 144
80 147
80 146
80 145
80 144
103 181
103 182
103 180
103 183
101 181
101 182
101 180
101 183
102 181
102 182
102 180
102 183
100 181
100 182
100 180
100 183
20 173
20 175
20 174
20 172
20 152
20 153
20 154
20 155
22 173
22 175
22 174
22 172
22 152
22 153
22 154
22 155
23 173
23 175
23 174
23 172
23 152
23 153
23 154
23 155
21 173
21 175
21 174
21 172
21 152
21 153
21 154
21 155
147 82
147 83
147 81
147 80
146 82
146 83
146 81
146 80
145 82
145 83
145 81
145 80
144 82
144 83
144 81
144 80
181 103
181 101
181 102
181 100
182 103
182 101
182 102
182 100
180 103
180 101
180 102
180 100
183 103
183 101
183 102
183 100
237 115
237 114
237 112
237 113
237 89
237 91
237 88
237 90
238 115
238 114
238 112
238 113
238 89
238 91
238 88
238 90
236 115
236 114
236 112
236 113
236 89
236 91
236 88
236 90
239 115
239 114
239 112
239 113
239 89
239 91
239 88
239 90
115 237
115 238
115 236
115 239
114 237
114 238
114 236
114 239
112 237
112 238
112 236
112 239
113 237
113 238
113 236
113 239
89 237
89 238
89 236
89 239
91 237
91 238
91 236
91 239
88 237
88 238
88 236
88 239
90 237
90 238
90 236
90 239
4 197
4 196
4 198
4 199
6 197
6 196
6 198
6 199
5 197
5 196
5 198
5 199
7 197
7 196
7 198
7 199
197 4
197 6
197 5
197 7
196 4
196 6
196 5
196 7
198 4
198 6
198 5
198 7
199 4
199 6
199 5
199 7
233 28
233 29
233 31
233 30
28 233
28 234
28 235
28 232
29 233
29 234
29 235
29 232
31 233
31 234
31 235
31 232
30 233
30 234
30 235
30 232
234 28
234 29
234 31
234 30
235 28
235 29
235 31
235 30
232 28
232 29
232 31
232 30
62 156
62 159
62 158
62 157
63 156
63 159
63 158
63 157
60 156
60 159
60 158
60 157
61 156
61 159
61 158
61 157
156 62
156 63
156 60
156 61
159 62
159 63
159 60
159 61
158 62
158 63
158 60
158 61
157 62
157 63
157 60
157 61
4 147
4 245
4 246
4 247
4 146
4 244
4 145
4 144
6 147
6 245
6 246
6 247
6 146
6 244
6 145
6 144
5 147
5 245
5 246
5 247
5 146
5 244
5 145
5 144
7 147
7 245
7 246
7 247
7 146
7 244
7 145
7 144
216 92
216 95
216 94
216 93
217 92
217 95
217 94
217 93
218 92
218 95
218 94
218 93
219 92
219 95
219 94
219 93
147 4
147 6
147 5
147 7
245 4
245 6
245 5
245 7
246 4
246 6
246 5
246 7
247 4
247 6
247 5
247 7
146 4
146 6
146 5
146 7
244 4
244 6
244 5
244 7
145 4
145 6
145 5
145 7
144 4
144 6
144 5
144 7
92 216
92 217
92 218
92 219
95 216
95 217
95 218
95 219
94 216
94 217
94 218
94 219
93 216
93 217
93 218
93 219
16 206
16 207
16 204
16 205
17 206
17 207
17 204
17 205
18 206
18 207
18 204
18 205
19 206
19 207
19 204
19 205
206 16
206 17
206 18
206 19
207 16
207 17
207 18
207 19
204 16
204 17
204 18
204 19
205 16
205 17
205 18
205 19
203 96
203 48
203 51
203 99
203 97
203 50
203 49
203 98
202 96
202 48
202 51
202 99
202 97
202 50
202 49
202 98
201 96
201 48
201 51
201 99
201 97
201 50
201 49
201 98
200 96
200 48
200 51
200 99
200 97
200 50
200 49
200 98
96 203
96 202
96 201
96 200
48 203
48 202
48 201
48 200
51 203
51 202
51 201
51 200
99 203
99 202
99 201
99 200
97 203
97 202
97 201
97 200
50 203
50 202
50 201
50 200
49 203
49 202
49 201
49 200
98 203
98 202
98 201
98 200
48 192
48 194
48 193
48 195
51 192
51 194
51 193
51 195
50 192
50 194
50 193
50 195
49 192
49 194
49 193
49 195
192 48
192 51
192 50
192 49
194 48
194 51
194 50
194 49
193 48
193 51
193 50
193 49
195 48
195 51
195 50
195 49
104 181
104 182
104 180
104 183
105 181
105 182
105 180
105 183
181 104
181 105
181 106
181 107
182 104
182 105
182 106
182 107
180 104
180 105
180 106
180 107
183 104
183 105
183 106
183 107
110 209
110 211
110 208
110 210
209 110
209 109
209 108
209 111
211 110
211 109
211 108
211 111
208 110
208 109
208 108
208 111
106 181
106 182
106 180
106 183
109 209
109 211
109 208
109 210
107 181
107 182
107 180
107 183
210 110
210 109
210 108
210 111
108 209
108 211
108 208
108 210
111 209
111 211
111 208
111 210
110 229
110 228
110 230
110 231
109 229
109 228
109 230
109 231
108 229
108 228
108 230
108 231
111 229
111 228
111 230
111 231
229 110
229 109
229 108
229 111
228 110
228 109
228 108
228 111
230 110
230 109
230 108
230 111
231 110
231 109
231 108
231 111
192 92
192 95
192 94
192 93
194 92
194 95
194 94
194 93
193 92
193 95
193 94
193 93
195 92
195 95
195 94
195 93
92 192
92 194
92 193
92 195
95 192
95 194
95 193
95 195
94 192
94 194
94 193
94 195
93 192
93 194
93 193
93 195
