# Rows | Columns (Hamiltonian neighbor indices)
195 112
195 113
195 114
195 115
192 112
192 113
192 114
192 115
193 112
193 113
193 114
193 115
194 112
194 113
194 114
194 115
148 112
148 113
148 114
148 115
149 112
149 113
149 114
149 115
150 112
150 113
150 114
150 115
112 195
112 192
112 193
112 194
112 148
112 149
112 150
112 151
112 244
112 247
112 246
112 245
113 195
113 192
113 193
113 194
113 148
113 149
113 150
113 151
113 244
113 247
113 246
113 245
151 112
151 113
151 114
151 115
114 195
114 192
114 193
114 194
114 148
114 149
114 150
114 151
114 244
114 247
114 246
114 245
115 195
115 192
115 193
115 194
115 148
115 149
115 150
115 151
115 244
115 247
115 246
115 245
244 112
244 113
244 114
244 115
247 112
247 113
247 114
247 115
246 112
246 113
246 114
246 115
245 112
245 113
245 114
245 115
244 12
244 14
244 15
244 13
247 12
247 14
247 15
247 13
246 12
246 14
246 15
246 13
245 12
245 14
245 15
245 13
12 244
12 247
12 246
12 245
14 244
14 247
14 246
14 245
15 244
15 247
15 246
15 245
13 244
13 247
13 246
13 245
12 237
12 238
12 239
12 236
14 237
14 238
14 239
14 236
15 237
15 238
15 239
15 236
13 237
13 238
13 239
13 236
237 12
237 14
237 15
237 13
237 97
237 96
237 98
237 99
238 12
238 14
238 15
238 13
238 97
238 96
238 98
238 99
239 12
239 14
239 15
239 13
239 97
239 96
239 98
239 99
97 237
97 238
97 239
97 236
97 176
97 178
97 179
97 177
236 12
236 14
236 15
236 13
236 97
236 96
236 98
236 99
96 237
96 238
96 239
96 236
96 176
96 178
96 179
96 177
98 237
98 238
98 239
98 236
98 176
98 178
98 179
98 177
99 237
99 238
99 239
99 236
99 176
99 178
99 179
99 177
176 97
176 96
176 98
176 99
178 97
178 96
178 98
178 99
179 97
179 96
179 98
179 99
177 97
177 96
177 98
177 99
195 27
195 26
195 25
195 24
192 27
192 26
192 25
192 24
193 27
193 26
193 25
193 24
194 27
194 26
194 25
194 24
27 195
27 192
27 193
27 194
26 195
26 192
26 193
26 194
25 195
25 192
25 193
25 194
24 195
24 192
24 193
24 194
102 188
102 190
102 189
102 191
102 144
102 146
102 147
102 145
103 188
103 190
103 189
103 191
103 144
103 146
103 147
103 145
188 102
188 103
188 101
188 100
190 102
190 103
190 101
190 100
189 102
189 103
189 101
189 100
191 102
191 103
191 101
191 100
101 188
101 190
101 189
101 191
101 144
101 146
101 147
101 145
144 102
144 103
144 101
144 100
146 102
146 103
146 101
146 100
100 188
100 190
100 189
100 191
100 144
100 146
100 147
100 145
147 102
147 103
147 101
147 100
145 102
145 103
145 101
145 100
102 172
102 173
102 175
102 174
103 172
103 173
103 175
103 174
101 172
101 173
101 175
101 174
144 52
144 53
144 54
144 55
146 52
146 53
146 54
146 55
100 172
100 173
100 175
100 174
147 52
147 53
147 54
147 55
62 207
62 206
62 205
62 204
145 52
145 53
145 54
145 55
61 207
61 206
61 205
61 204
60 207
60 206
60 205
60 204
63 207
63 206
63 205
63 204
172 102
172 103
172 101
172 100
173 102
173 103
173 101
173 100
175 102
175 103
175 101
175 100
174 102
174 103
174 101
174 100
52 144
52 146
52 147
52 145
207 62
207 61
207 60
207 63
53 144
53 146
53 147
53 145
206 62
206 61
206 60
206 63
205 62
205 61
205 60
205 63
54 144
54 146
54 147
54 145
55 144
55 146
55 147
55 145
204 62
204 61
204 60
204 63
172 27
172 26
172 25
172 24
173 27
173 26
173 25
173 24
27 172
27 173
27 175
27 174
27 207
27 206
27 205
27 204
175 27
175 26
175 25
175 24
174 27
174 26
174 25
174 24
207 27
207 26
207 25
207 24
206 27
206 26
206 25
206 24
205 27
205 26
205 25
205 24
26 172
26 173
26 175
26 174
26 207
26 206
26 205
26 204
25 172
25 173
25 175
25 174
25 207
25 206
25 205
25 204
24 172
24 173
24 175
24 174
24 207
24 206
24 205
24 204
204 27
204 26
204 25
204 24
148 107
148 104
148 106
148 90
148 105
148 91
148 88
148 89
149 107
149 104
149 106
149 90
149 105
149 91
149 88
149 89
150 107
150 104
150 106
150 90
150 105
150 91
150 88
150 89
151 107
151 104
151 106
151 90
151 105
151 91
151 88
151 89
97 90
97 91
97 88
97 89
96 90
96 91
96 88
96 89
98 90
98 91
98 88
98 89
99 90
99 91
99 88
99 89
62 170
62 169
62 168
62 171
61 170
61 169
61 168
61 171
60 170
60 169
60 168
60 171
63 170
63 169
63 168
63 171
52 223
52 222
52 221
52 220
53 223
53 222
53 221
53 220
54 223
54 222
54 221
54 220
55 223
55 222
55 221
55 220
107 148
107 149
107 150
107 151
104 148
104 149
104 150
104 151
106 148
106 149
106 150
106 151
90 148
90 149
90 150
90 151
105 148
105 149
105 150
105 151
91 148
91 149
91 150
91 151
88 148
88 149
88 150
88 151
89 148
89 149
89 150
89 151
90 97
90 96
90 98
90 99
91 97
91 96
91 98
91 99
88 97
88 96
88 98
88 99
89 97
89 96
89 98
89 99
170 62
170 61
170 60
170 63
169 62
169 61
169 60
169 63
168 62
168 61
168 60
168 63
171 62
171 61
171 60
171 63
223 52
223 53
223 54
223 55
222 52
222 53
222 54
222 55
221 52
221 53
221 54
221 55
220 52
220 53
220 54
220 55
4 181
4 182
4 183
4 180
107 181
107 182
107 183
107 180
104 181
104 182
104 183
104 180
106 181
106 182
106 183
106 180
90 181
90 182
90 183
90 180
105 181
105 182
105 183
105 180
91 181
91 182
91 183
91 180
88 181
88 182
88 183
88 180
89 181
89 182
89 183
89 180
5 181
5 182
5 183
5 180
6 181
6 182
6 183
6 180
7 181
7 182
7 183
7 180
181 4
181 107
181 104
181 106
181 90
181 105
181 91
181 88
181 89
181 5
181 6
181 7
182 4
182 107
182 104
182 106
182 90
182 105
182 91
182 88
182 89
182 5
182 6
182 7
183 4
183 107
183 104
183 106
183 90
183 105
183 91
183 88
183 89
183 5
183 6
183 7
180 4
180 107
180 104
180 106
180 90
180 105
180 91
180 88
180 89
180 5
180 6
180 7
4 251
4 250
4 249
4 248
90 242
90 243
90 241
90 240
91 242
91 243
91 241
91 240
88 242
88 243
88 241
88 240
89 242
89 243
89 241
89 240
5 251
5 250
5 249
5 248
6 251
6 250
6 249
6 248
7 251
7 250
7 249
7 248
242 90
242 91
242 88
242 89
243 90
243 91
243 88
243 89
241 90
241 91
241 88
241 89
240 90
240 91
240 88
240 89
251 4
251 5
251 6
251 7
250 4
250 5
250 6
250 7
249 4
249 5
249 6
249 7
248 4
248 5
248 6
248 7
242 35
242 34
242 33
242 32
243 35
243 34
243 33
243 32
241 35
241 34
241 33
241 32
240 35
240 34
240 33
240 32
251 35
251 34
251 33
251 32
250 35
250 34
250 33
250 32
249 35
249 34
249 33
249 32
248 35
248 34
248 33
248 32
255 35
255 34
255 33
255 32
35 242
35 243
35 241
35 240
35 251
35 250
35 249
35 248
35 255
35 252
35 253
35 254
34 242
34 243
34 241
34 240
34 251
34 250
34 249
34 248
34 255
34 252
34 253
34 254
33 242
33 243
33 241
33 240
33 251
33 250
33 249
33 248
33 255
33 252
33 253
33 254
32 242
32 243
32 241
32 240
32 251
32 250
32 249
32 248
32 255
32 252
32 253
32 254
252 35
252 34
252 33
252 32
253 35
253 34
253 33
253 32
254 35
254 34
254 33
254 32
242 82
242 80
242 83
242 81
243 82
243 80
243 83
243 81
241 82
241 80
241 83
241 81
240 82
240 80
240 83
240 81
82 242
82 243
82 241
82 240
80 242
80 243
80 241
80 240
83 242
83 243
83 241
83 240
81 242
81 243
81 241
81 240
59 170
59 169
59 168
59 171
59 41
59 42
59 43
59 40
56 170
56 169
56 168
56 171
56 41
56 42
56 43
56 40
170 59
170 56
170 57
170 58
169 59
169 56
169 57
169 58
168 59
168 56
168 57
168 58
171 59
171 56
171 57
171 58
41 59
41 56
41 57
41 58
57 170
57 169
57 168
57 171
57 41
57 42
57 43
57 40
58 170
58 169
58 168
58 171
58 41
58 42
58 43
58 40
42 59
42 56
42 57
42 58
43 59
43 56
43 57
43 58
40 59
40 56
40 57
40 58
170 82
170 80
170 83
170 81
169 82
169 80
169 83
169 81
168 82
168 80
168 83
168 81
171 82
171 80
171 83
171 81
69 226
69 227
69 225
69 224
71 226
71 227
71 225
71 224
70 226
70 227
70 225
70 224
68 226
68 227
68 225
68 224
226 69
226 71
226 70
226 68
227 69
227 71
227 70
227 68
225 69
225 71
225 70
225 68
82 170
82 169
82 168
82 171
224 69
224 71
224 70
224 68
80 170
80 169
80 168
80 171
83 170
83 169
83 168
83 171
81 170
81 169
81 168
81 171
226 82
226 120
226 80
226 83
226 81
226 123
226 121
226 122
227 82
227 120
227 80
227 83
227 81
227 123
227 121
227 122
225 82
225 120
225 80
225 83
225 81
225 123
225 121
225 122
82 226
82 227
82 225
82 224
82 223
82 222
82 221
82 220
224 82
224 120
224 80
224 83
224 81
224 123
224 121
224 122
120 226
120 227
120 225
120 224
80 226
80 227
80 225
80 224
80 223
80 222
80 221
80 220
83 226
83 227
83 225
83 224
83 223
83 222
83 221
83 220
81 226
81 227
81 225
81 224
81 223
81 222
81 221
81 220
123 226
123 227
123 225
123 224
223 82
223 80
223 83
223 81
121 226
121 227
121 225
121 224
122 226
122 227
122 225
122 224
222 82
222 80
222 83
222 81
221 82
221 80
221 83
221 81
220 82
220 80
220 83
220 81
195 11
195 10
195 8
195 9
192 11
192 10
192 8
192 9
193 11
193 10
193 8
193 9
194 11
194 10
194 8
194 9
237 39
237 38
237 37
237 36
238 39
238 38
238 37
238 36
239 39
239 38
239 37
239 36
236 39
236 38
236 37
236 36
176 39
176 38
176 37
176 36
178 39
178 38
178 37
178 36
179 39
179 38
179 37
179 36
177 39
177 38
177 37
177 36
176 11
176 10
176 8
176 9
176 132
176 135
176 134
176 133
178 11
178 10
178 8
178 9
178 132
178 135
178 134
178 133
179 11
179 10
179 8
179 9
179 132
179 135
179 134
179 133
177 11
177 10
177 8
177 9
177 132
177 135
177 134
177 133
27 184
27 185
27 187
27 186
26 184
26 185
26 187
26 186
25 184
25 185
25 187
25 186
24 184
24 185
24 187
24 186
207 48
207 49
207 50
207 51
206 48
206 49
206 50
206 51
205 48
205 49
205 50
205 51
204 48
204 49
204 50
204 51
223 127
223 126
223 124
223 125
222 127
222 126
222 124
222 125
221 127
221 126
221 124
221 125
220 127
220 126
220 124
220 125
4 202
4 201
4 203
4 200
5 202
5 201
5 203
5 200
6 202
6 201
6 203
6 200
7 202
7 201
7 203
7 200
242 45
242 44
242 46
242 47
243 45
243 44
243 46
243 47
241 45
241 44
241 46
241 47
240 45
240 44
240 46
240 47
120 128
120 131
120 130
120 129
123 128
123 131
123 130
123 129
121 128
121 131
121 130
121 129
122 128
122 131
122 130
122 129
39 237
39 238
39 239
39 236
39 176
39 178
39 179
39 177
38 237
38 238
38 239
38 236
38 176
38 178
38 179
38 177
37 237
37 238
37 239
37 236
37 176
37 178
37 179
37 177
36 237
36 238
36 239
36 236
36 176
36 178
36 179
36 177
11 195
11 192
11 193
11 194
10 195
10 192
10 193
10 194
8 195
8 192
8 193
8 194
9 195
9 192
9 193
9 194
11 176
11 178
11 179
11 177
10 176
10 178
10 179
10 177
8 176
8 178
8 179
8 177
9 176
9 178
9 179
9 177
132 176
132 178
132 179
132 177
135 176
135 178
135 179
135 177
134 176
134 178
134 179
134 177
133 176
133 178
133 179
133 177
184 27
184 26
184 25
184 24
185 27
185 26
185 25
185 24
187 27
187 26
187 25
187 24
186 27
186 26
186 25
186 24
48 207
48 206
48 205
48 204
49 207
49 206
49 205
49 204
50 207
50 206
50 205
50 204
51 207
51 206
51 205
51 204
127 223
127 222
127 221
127 220
126 223
126 222
126 221
126 220
124 223
124 222
124 221
124 220
125 223
125 222
125 221
125 220
202 4
202 5
202 6
202 7
201 4
201 5
201 6
201 7
203 4
203 5
203 6
203 7
200 4
200 5
200 6
200 7
45 242
45 243
45 241
45 240
44 242
44 243
44 241
44 240
46 242
46 243
46 241
46 240
47 242
47 243
47 241
47 240
128 120
128 123
128 121
128 122
131 120
131 123
131 121
131 122
130 120
130 123
130 121
130 122
129 120
129 123
129 121
129 122
39 163
39 160
39 161
39 162
38 163
38 160
38 161
38 162
37 163
37 160
37 161
37 162
36 163
36 160
36 161
36 162
163 39
163 38
163 37
163 36
31 152
31 153
31 154
31 155
30 152
30 153
30 154
30 155
29 152
29 153
29 154
29 155
28 152
28 153
28 154
28 155
160 39
160 38
160 37
160 36
161 39
161 38
161 37
161 36
162 39
162 38
162 37
162 36
152 31
152 30
152 29
152 28
153 31
153 30
153 29
153 28
154 31
154 30
154 29
154 28
155 31
155 30
155 29
155 28
163 78
163 79
163 77
163 76
160 78
160 79
160 77
160 76
161 78
161 79
161 77
161 76
162 78
162 79
162 77
162 76
152 78
152 79
152 77
152 76
153 78
153 79
153 77
153 76
154 78
154 79
154 77
154 76
155 78
155 79
155 77
155 76
78 163
78 160
78 161
78 162
78 152
78 153
78 154
78 155
79 163
79 160
79 161
79 162
79 152
79 153
79 154
79 155
77 163
77 160
77 161
77 162
77 152
77 153
77 154
77 155
76 163
76 160
76 161
76 162
76 152
76 153
76 154
76 155
78 132
78 135
78 134
78 133
79 132
79 135
79 134
79 133
77 132
77 135
77 134
77 133
76 132
76 135
76 134
76 133
132 78
132 79
132 77
132 76
132 1
132 3
132 0
132 2
135 78
135 79
135 77
135 76
135 1
135 3
135 0
135 2
134 78
134 79
134 77
134 76
134 1
134 3
134 0
134 2
133 78
133 79
133 77
133 76
133 1
133 3
133 0
133 2
1 132
1 135
1 134
1 133
3 132
3 135
3 134
3 133
0 132
0 135
0 134
0 133
2 132
2 135
2 134
2 133
11 184
11 185
11 187
11 186
10 184
10 185
10 187
10 186
8 184
8 185
8 187
8 186
9 184
9 185
9 187
9 186
1 184
1 185
1 187
1 186
3 184
3 185
3 187
3 186
0 184
0 185
0 187
0 186
2 184
2 185
2 187
2 186
132 48
132 49
132 50
132 51
135 48
135 49
135 50
135 51
134 48
134 49
134 50
134 51
133 48
133 49
133 50
133 51
1 156
1 157
1 158
1 159
3 156
3 157
3 158
3 159
0 156
0 157
0 158
0 159
2 156
2 157
2 158
2 159
184 11
184 10
184 8
184 9
184 1
184 3
184 0
184 2
185 11
185 10
185 8
185 9
185 1
185 3
185 0
185 2
187 11
187 10
187 8
187 9
187 1
187 3
187 0
187 2
186 11
186 10
186 8
186 9
186 1
186 3
186 0
186 2
156 1
156 3
156 0
156 2
157 1
157 3
157 0
157 2
158 1
158 3
158 0
158 2
159 1
159 3
159 0
159 2
48 132
48 135
48 134
48 133
49 132
49 135
49 134
49 133
50 132
50 135
50 134
50 133
51 132
51 135
51 134
51 133
18 136
18 137
18 138
18 139
18 166
18 164
18 165
18 167
136 18
136 16
136 17
136 19
137 18
137 16
137 17
137 19
138 18
138 16
138 17
138 19
16 136
16 137
16 138
16 139
16 166
16 164
16 165
16 167
17 136
17 137
17 138
17 139
17 166
17 164
17 165
17 167
139 18
139 16
139 17
139 19
166 18
166 16
166 17
166 19
19 136
19 137
19 138
19 139
19 166
19 164
19 165
19 167
164 18
164 16
164 17
164 19
165 18
165 16
165 17
165 19
167 18
167 16
167 17
167 19
166 48
166 127
166 126
166 124
166 125
166 49
166 50
166 51
164 48
164 127
164 126
164 124
164 125
164 49
164 50
164 51
165 48
165 127
165 126
165 124
165 125
165 49
165 50
165 51
167 48
167 127
167 126
167 124
167 125
167 49
167 50
167 51
48 166
48 164
48 165
48 167
127 166
127 164
127 165
127 167
126 166
126 164
126 165
126 167
124 166
124 164
124 165
124 167
125 166
125 164
125 165
125 167
49 166
49 164
49 165
49 167
50 166
50 164
50 165
50 167
51 166
51 164
51 165
51 167
156 234
156 232
156 233
156 235
157 234
157 232
157 233
157 235
158 234
158 232
158 233
158 235
159 234
159 232
159 233
159 235
127 234
127 232
127 233
127 235
234 156
234 157
234 158
234 159
234 127
234 126
234 124
234 125
232 156
232 157
232 158
232 159
232 127
232 126
232 124
232 125
233 156
233 157
233 158
233 159
233 127
233 126
233 124
233 125
126 234
126 232
126 233
126 235
124 234
124 232
124 233
124 235
235 156
235 157
235 158
235 159
235 127
235 126
235 124
235 125
125 234
125 232
125 233
125 235
78 228
78 231
78 229
78 230
79 228
79 231
79 229
79 230
77 228
77 231
77 229
77 230
76 228
76 231
76 229
76 230
48 215
48 214
48 213
48 212
49 215
49 214
49 213
49 212
50 215
50 214
50 213
50 212
51 215
51 214
51 213
51 212
234 143
234 142
234 141
234 140
232 143
232 142
232 141
232 140
233 143
233 142
233 141
233 140
235 143
235 142
235 141
235 140
228 78
228 79
228 77
228 76
231 78
231 79
231 77
231 76
229 78
229 79
229 77
229 76
230 78
230 79
230 77
230 76
215 48
215 49
215 50
215 51
214 48
214 49
214 50
214 51
213 48
213 49
213 50
213 51
212 48
212 49
212 50
212 51
143 234
143 232
143 233
143 235
142 234
142 232
142 233
142 235
141 234
141 232
141 233
141 235
140 234
140 232
140 233
140 235
45 202
45 201
45 203
45 200
45 199
45 198
45 196
45 197
202 45
202 44
202 46
202 47
201 45
201 44
201 46
201 47
203 45
203 44
203 46
203 47
200 45
200 44
200 46
200 47
44 202
44 201
44 203
44 200
44 199
44 198
44 196
44 197
46 202
46 201
46 203
46 200
46 199
46 198
46 196
46 197
47 202
47 201
47 203
47 200
47 199
47 198
47 196
47 197
72 199
72 198
72 196
72 197
199 45
199 44
199 46
199 47
199 72
199 73
199 74
199 75
198 45
198 44
198 46
198 47
198 72
198 73
198 74
198 75
196 45
196 44
196 46
196 47
196 72
196 73
196 74
196 75
197 45
197 44
197 46
197 47
197 72
197 73
197 74
197 75
73 199
73 198
73 196
73 197
74 199
74 198
74 196
74 197
75 199
75 198
75 196
75 197
202 116
202 118
202 119
202 117
201 116
201 118
201 119
201 117
203 116
203 118
203 119
203 117
200 116
200 118
200 119
200 117
72 210
72 209
72 208
72 211
73 210
73 209
73 208
73 211
74 210
74 209
74 208
74 211
75 210
75 209
75 208
75 211
116 202
116 201
116 203
116 200
118 202
118 201
118 203
118 200
119 202
119 201
119 203
119 200
117 202
117 201
117 203
117 200
210 72
210 73
210 74
210 75
209 72
209 73
209 74
209 75
208 72
208 73
208 74
208 75
211 72
211 73
211 74
211 75
116 228
116 231
116 229
116 230
118 228
118 231
118 229
118 230
119 228
119 231
119 229
119 230
117 228
117 231
117 229
117 230
228 116
228 118
228 119
228 117
228 65
228 66
228 67
228 64
231 116
231 118
231 119
231 117
231 65
231 66
231 67
231 64
229 116
229 118
229 119
229 117
229 65
229 66
229 67
229 64
230 116
230 118
230 119
230 117
230 65
230 66
230 67
230 64
210 65
210 66
210 67
210 64
209 65
209 66
209 67
209 64
65 228
65 231
65 229
65 230
65 210
65 209
65 208
65 211
66 228
66 231
66 229
66 230
66 210
66 209
66 208
66 211
67 228
67 231
67 229
67 230
67 210
67 209
67 208
67 211
208 65
208 66
208 67
208 64
211 65
211 66
211 67
211 64
64 228
64 231
64 229
64 230
64 210
64 209
64 208
64 211
45 215
45 214
45 213
45 212
44 215
44 214
44 213
44 212
46 215
46 214
46 213
46 212
47 215
47 214
47 213
47 212
199 22
199 21
199 20
199 23
198 22
198 21
198 20
198 23
196 22
196 21
196 20
196 23
197 22
197 21
197 20
197 23
228 92
228 95
228 94
228 93
231 92
231 95
231 94
231 93
229 92
229 95
229 94
229 93
230 92
230 95
230 94
230 93
22 199
22 198
22 196
22 197
21 199
21 198
21 196
21 197
20 199
20 198
20 196
20 197
215 45
215 44
215 46
215 47
214 45
214 44
214 46
214 47
213 45
213 44
213 46
213 47
23 199
23 198
23 196
23 197
212 45
212 44
212 46
212 47
92 228
92 231
92 229
92 230
95 228
95 231
95 229
95 230
94 228
94 231
94 229
94 230
93 228
93 231
93 229
93 230
218 22
218 21
218 20
218 92
218 23
218 95
218 94
218 93
22 218
22 216
22 219
22 217
21 218
21 216
21 219
21 217
20 218
20 216
20 219
20 217
92 218
92 216
92 219
92 217
23 218
23 216
23 219
23 217
95 218
95 216
95 219
95 217
94 218
94 216
94 219
94 217
93 218
93 216
93 219
93 217
216 22
216 21
216 20
216 92
216 23
216 95
216 94
216 93
219 22
219 21
219 20
219 92
219 23
219 95
219 94
219 93
217 22
217 21
217 20
217 92
217 23
217 95
217 94
217 93
218 86
218 84
218 87
218 110
218 111
218 109
218 108
218 85
215 86
215 84
215 87
215 85
214 86
214 84
214 87
214 85
213 86
213 84
213 87
213 85
212 86
212 84
212 87
212 85
216 86
216 84
216 87
216 110
216 111
216 109
216 108
216 85
219 86
219 84
219 87
219 110
219 111
219 109
219 108
219 85
217 86
217 84
217 87
217 110
217 111
217 109
217 108
217 85
86 218
86 215
86 214
86 213
86 212
86 216
86 219
86 217
84 218
84 215
84 214
84 213
84 212
84 216
84 219
84 217
87 218
87 215
87 214
87 213
87 212
87 216
87 219
87 217
110 218
110 216
110 219
110 217
111 218
111 216
111 219
111 217
109 218
109 216
109 219
109 217
108 218
108 216
108 219
108 217
85 218
85 215
85 214
85 213
85 212
85 216
85 219
85 217
86 128
86 131
86 130
86 129
84 128
84 131
84 130
84 129
87 128
87 131
87 130
87 129
110 128
110 131
110 130
110 129
111 128
111 131
111 130
111 129
109 128
109 131
109 130
109 129
108 128
108 131
108 130
108 129
128 86
128 84
128 87
128 110
128 111
128 109
128 108
128 85
131 86
131 84
131 87
131 110
131 111
131 109
131 108
131 85
130 86
130 84
130 87
130 110
130 111
130 109
130 108
130 85
85 128
85 131
85 130
85 129
129 86
129 84
129 87
129 110
129 111
129 109
129 108
129 85
