16
#   CELL_PARAMETERS    9.50461219   -4.75230609    0.00000000    0.00000000    8.23123560    0.00000000    0.00000000    0.00000000   58.50592080
   B      -0.32879289763856E-02     0.19250980103172E-02     0.92667769574248E+01
   B       0.53657449791507E-02     0.40386367371698E-02     0.15987003780561E+02
   B      -0.23801606163667E+01     0.41140697623613E+01     0.92785549389665E+01
   B      -0.23765065918775E+01     0.41156780168545E+01     0.15953041453974E+02
   B       0.47478010468003E+01    -0.80096065352902E-03     0.91974262060956E+01
   B       0.47511423444227E+01    -0.73362723973588E-03     0.16017557974808E+02
   B       0.23755415229983E+01     0.41165354850649E+01     0.91411408735864E+01
   B       0.23768883760474E+01     0.41187578729853E+01     0.16002746678448E+02
   N      -0.39512369439691E-03     0.27471391635187E+01     0.93105229551760E+01
   N      -0.92456378467463E-03     0.27477181240910E+01     0.15886406262805E+02
   N      -0.23776949009451E+01     0.68612068234515E+01     0.95116769672153E+01
   N      -0.23720804339298E+01     0.68606044579345E+01     0.15944519670325E+02
   N       0.47533972714754E+01     0.27474423593518E+01     0.90502009434695E+01
   N       0.47554108680850E+01     0.27451926692936E+01     0.15997419859966E+02
   N       0.23722143381849E+01     0.68602408173238E+01     0.90147443208751E+01
   N       0.23766989929246E+01     0.68602234578266E+01     0.16122467814462E+02