16
#   CELL_PARAMETERS    9.50461219   -4.75230609    0.00000000    0.00000000    8.23123560    0.00000000    0.00000000    0.00000000   58.50592080
   B      -0.55596344071524E-01     0.34231353769401E-01     0.97817819992368E+01
   B       0.47329148498375E-01     0.27063473760217E+01     0.15460382070290E+02
   B      -0.24254972682307E+01     0.41498899885740E+01     0.97977613181117E+01
   B      -0.23239941820440E+01     0.68266090393838E+01     0.15404163264299E+02
   B       0.46992208390553E+01     0.32764342723243E-01     0.96911025965287E+01
   B       0.47998347885314E+01     0.27102830885027E+01     0.15531002594819E+02
   B       0.23275902842476E+01     0.41498229629115E+01     0.96193978232572E+01
   B       0.24274317499841E+01     0.68264456235934E+01     0.15552396418779E+02
   N      -0.46727769269454E-01     0.27829109974605E+01     0.98093497022984E+01
   N       0.45704216055495E-01    -0.32560118610877E-01     0.15364733601673E+02
   N      -0.24275763682904E+01     0.68997584569602E+01     0.10055706894979E+02
   N      -0.23269239923639E+01     0.40815130470110E+01     0.15298259066476E+02
   N       0.47045202597592E+01     0.27800512866984E+01     0.95208045928807E+01
   N       0.48032276409299E+01    -0.31197680914284E-01     0.15579115770015E+02
   N       0.23257161921700E+01     0.68969128658271E+01     0.94785894672433E+01
   N       0.24290201078415E+01     0.40836198051035E+01     0.15736232048734E+02