               -106.2708826885
          0.000564136       0.000012272       0.000001257
          0.000012273       0.003017908      -0.000007823
          0.000001256      -0.000007823       0.000068842
           8
  1     5       0.033078434       0.061006779       0.001681127  B
  2     7      -0.004314164      -0.057128462       0.001155439  N
  1     5      -0.028490405       0.058239917      -0.001764438  B
  2     7      -0.000363603      -0.063766201      -0.002177157  N
  2     7      -0.000828440       0.061993462      -0.004235165  N
  1     5      -0.020154578      -0.058913175       0.003649004  B
  2     7      -0.022969495       0.043514538       0.000395628  N
  1     5       0.043892787      -0.044972384       0.001274446  B
