               -472.1830608997
         -0.014366971      -0.000937428      -0.000638121
         -0.000937426      -0.014785139       0.000285071
         -0.000638117       0.000285064      -0.015401774
          64
  1     5       0.154760325       0.004799245       0.047271879  B
  1     5       0.095009307       0.045157903      -0.142972093  B
  1     5      -0.310862976      -0.165180238      -0.043349357  B
  1     5      -0.173318084      -0.076746962       0.063273799  B
  1     5      -0.049166302      -0.092676059       0.083921963  B
  1     5       0.171873442      -0.024177042      -0.047628649  B
  1     5      -0.188669937      -0.222275894       0.100728698  B
  1     5       0.148847484      -0.090976872      -0.020850534  B
  1     5       0.104698377       0.166800214      -0.094880113  B
  1     5       0.161724037      -0.059448138      -0.037695447  B
  1     5       0.168756981       0.072876275       0.048633467  B
  1     5       0.024245357       0.088095438      -0.013675083  B
  1     5       0.064347049      -0.195435397      -0.042857522  B
  1     5      -0.056056207       0.131482298      -0.075261552  B
  1     5       0.071714166       0.043689743       0.030099970  B
  1     5       0.045936968      -0.021564137       0.139258764  B
  1     5      -0.220093214       0.063661929       0.085054996  B
  1     5       0.015175358      -0.050501211      -0.062045791  B
  1     5      -0.051825264       0.022946479      -0.052802832  B
  1     5       0.049377750      -0.075095452      -0.106623432  B
  1     5       0.060619231       0.073898732      -0.049772888  B
  1     5      -0.057369648       0.077329780       0.103942027  B
  1     5      -0.043338113      -0.135031568       0.074408816  B
  1     5       0.087972348       0.035043487       0.058298942  B
  1     5      -0.182139334      -0.014823299       0.270287853  B
  1     5      -0.002683308      -0.038715768       0.081384118  B
  1     5       0.041499870       0.139018417       0.006070299  B
  1     5       0.124448624      -0.074491320      -0.039248839  B
  1     5      -0.019104947       0.088543945       0.098907399  B
  1     5      -0.087520449       0.142990795       0.030642362  B
  1     5      -0.046053663      -0.125735500      -0.024826579  B
  1     5       0.118519985       0.054330882       0.147069234  B
  1     5      -0.151802158       0.033809994      -0.230228222  B
  1     5       0.222827221      -0.242631936       0.228347931  B
  1     5       0.118490234       0.048888664      -0.046011725  B
  1     5      -0.050433385      -0.095932527      -0.225047139  B
  1     5      -0.086623847      -0.158337095      -0.157483004  B
  1     5       0.033042656       0.279077010      -0.003775233  B
  1     5       0.182788974      -0.233311424       0.063579724  B
  1     5      -0.096998344       0.069566911       0.003390664  B
  1     5      -0.470184095      -0.147098144       0.110183700  B
  1     5       0.061097501       0.039230332      -0.014584307  B
  1     5      -0.131512448       0.151621170      -0.074252094  B
  1     5      -0.105910840      -0.000595101       0.132510110  B
  1     5       0.107062011      -0.100730830      -0.054521558  B
  1     5      -0.082385073       0.201166875      -0.063269053  B
  2     6      -0.145475335      -0.120805853      -0.142089569  C
  2     6       0.046355548       0.135416143       0.141461007  C
  2     6      -0.097856114       0.042366128       0.045794040  C
  2     6      -0.072697936      -0.140347908      -0.255895201  C
  2     6       0.081095319       0.231571741      -0.089015436  C
  2     6       0.007398976      -0.038667160       0.027031412  C
  2     6       0.027537499      -0.030159017       0.192286302  C
  2     6       0.052421131       0.144742932       0.021875470  C
  2     6      -0.156287408       0.027000436       0.004628237  C
  2     6       0.064346610      -0.143235439       0.168465967  C
  2     6      -0.066829800      -0.018307013      -0.189076858  C
  2     6       0.142730654       0.148015333      -0.039982210  C
  2     6      -0.018571433       0.159405420       0.008055758  C
  2     6       0.033636836      -0.080304865      -0.011272064  C
  2     6       0.071207345      -0.088754912       0.141622849  C
  2     6       0.139239821       0.020928158      -0.230957122  C
  2     6       0.044191262       0.003539017       0.042327101  C
  2     6       0.076912220       0.114958993      -0.118643577  C
