              -1201.9053180885
         -0.002893463      -0.000156332       0.000090884
         -0.000156327      -0.003204587       0.000646387
          0.000090884       0.000646386      -0.002313402
          64
  1     7       0.150894446      -0.007255232      -0.192731084  N
  1     7      -0.106114203      -0.006344990      -0.047934169  N
  1     7       0.046820682       0.255853817      -0.082095990  N
  1     7      -0.027053835       0.046568538       0.138163752  N
  1     7       0.118940923      -0.155145238       0.090200198  N
  1     7       0.030242743      -0.039511168      -0.039508683  N
  1     7      -0.079408344      -0.081774766      -0.024684378  N
  1     7      -0.093773500       0.024577055       0.226267089  N
  1     7       0.123837538      -0.080699497      -0.015048389  N
  1     7      -0.101995960      -0.070821770       0.054703222  N
  1     7       0.169476534      -0.117126137       0.000927459  N
  1     7      -0.007625804       0.003804404      -0.052300405  N
  1     7       0.091931934      -0.105647309       0.039995597  N
  1     7      -0.033856212      -0.078425553      -0.010267321  N
  1     7       0.044963383       0.079855447      -0.022866322  N
  1     7       0.017879714      -0.034503628       0.065297407  N
  1     7      -0.100679330      -0.118635854      -0.117379306  N
  1     7       0.060991615      -0.012803264       0.027083638  N
  1     7      -0.084554531      -0.030810405      -0.137879618  N
  1     7      -0.172518670       0.022775469       0.171340415  N
  1     7       0.058901897       0.028454690      -0.112357001  N
  1     7       0.090082244      -0.055239481       0.008546350  N
  1     7      -0.067337749       0.319392063       0.136815491  N
  1     7      -0.074119697       0.228272993       0.019384890  N
  1     7       0.157282819       0.077464188       0.052477889  N
  1     7       0.062226170      -0.018062355      -0.097681264  N
  1     7       0.023781822       0.022612865       0.027851654  N
  1     7       0.036086138       0.134692795      -0.043119010  N
  1     7      -0.043929952      -0.030581126      -0.096806255  N
  1     7       0.094144257      -0.031180642       0.037638713  N
  1     7      -0.044107001       0.004800641       0.010619851  N
  1     7       0.089813487      -0.159328604      -0.004615872  N
  1     7      -0.297060518       0.005486835       0.110435994  N
  1     7       0.075255686       0.022740925      -0.173288207  N
  1     7       0.067321002      -0.018127235      -0.047470357  N
  1     7      -0.132809157       0.126493528       0.019024413  N
  1     7      -0.063844589      -0.047233493       0.006121056  N
  1     7       0.050767223      -0.018408971      -0.097496194  N
  1     7       0.032330587       0.084417460      -0.144132247  N
  1     7       0.063580719      -0.131710809       0.017035960  N
  1     7       0.036949055       0.073809310       0.094095319  N
  1     7      -0.045325136      -0.067996167      -0.032737604  N
  1     7      -0.020668556       0.074760138      -0.014874300  N
  1     7      -0.060133008       0.033885739      -0.111975079  N
  1     7      -0.047459283       0.027754233       0.016004074  N
  1     7      -0.093317229       0.055831525       0.038808958  N
  1     7       0.088668382       0.036494097       0.026400506  N
  1     7      -0.014873372      -0.039880006       0.012820180  N
  1     7       0.206591515       0.131763653      -0.006828501  N
  1     7      -0.111480241       0.027564040      -0.051059147  N
  1     7      -0.090316771      -0.091372530       0.103009231  N
  1     7       0.049668516       0.040571841       0.023804271  N
  2     6       0.104226676       0.001554137      -0.101105850  C
  2     6       0.155702113      -0.139889048      -0.048945425  C
  2     6      -0.131185163      -0.002196622      -0.006755156  C
  2     6       0.030773823       0.009438057       0.112766540  C
  2     6      -0.011858898      -0.116475601       0.200264683  C
  2     6      -0.031246800      -0.052739952       0.043033900  C
  2     6       0.076476105      -0.031758831      -0.096220847  C
  2     6      -0.086674083      -0.047864386       0.037179009  C
  2     6      -0.093784494      -0.050959499      -0.031779317  C
  2     6       0.003540858       0.080294976       0.125744207  C
  2     6      -0.023578578      -0.015486431      -0.085274236  C
  2     6      -0.117379868       0.023995159       0.053364501  C
