               -106.3208623934
          0.001321268       0.000031339       0.000001034
          0.000031341       0.001950760       0.000000835
          0.000001034       0.000000835       0.000073159
           8
  1     5       0.043494453       0.022390090       0.004586638  B
  2     7       0.001713904      -0.021026117      -0.005804645  N
  1     5      -0.020997519      -0.003979733      -0.000032549  B
  2     7      -0.024026787       0.002511707       0.000989013  N
  2     7      -0.006395331       0.014142811       0.000185506  N
  1     5      -0.042886112      -0.016340416       0.000470617  B
  2     7       0.006753277       0.000230724      -0.003893194  N
  1     5       0.042568684       0.002148943       0.003511626  B
