               -804.1330035520
          0.002675838       0.000216091       0.000089391
          0.000216091       0.002743383      -0.000066709
          0.000089392      -0.000066709       0.003023780
          64
  1     5       0.001219026       0.008419453      -0.016703236  B
  1     5       0.066166674      -0.025120492      -0.005302445  B
  1     5       0.016570621      -0.010733981       0.026345622  B
  1     5      -0.008071232       0.055328210      -0.020805139  B
  1     5      -0.042581602      -0.048404712       0.013224012  B
  1     5      -0.012285081       0.097801642      -0.005239140  B
  1     5       0.063072466      -0.006451924       0.017955935  B
  1     5      -0.017895100       0.028789772      -0.004697038  B
  1     5       0.013582002       0.004290842      -0.041943972  B
  1     5      -0.010184297       0.010098572       0.008496335  B
  1     5       0.004601306      -0.000022648       0.071433962  B
  1     5      -0.048422570       0.039116028      -0.024538919  B
  1     5       0.026141464      -0.038977331      -0.017437013  B
  1     5      -0.031505929       0.026595422      -0.005251158  B
  1     5      -0.018761787      -0.000671656      -0.018118125  B
  1     5       0.001675847       0.018111946      -0.055197077  B
  1     5      -0.012716990      -0.022758539       0.016356027  B
  2     7       0.029334387      -0.063702579      -0.099295763  N
  2     7      -0.042710747      -0.146371789       0.091272754  N
  2     7       0.131629739      -0.065255618       0.016218407  N
  2     7       0.044342397       0.088424872      -0.054065353  N
  2     7      -0.047449810      -0.006428264       0.059176125  N
  2     7       0.114748610      -0.010374910       0.015797667  N
  2     7      -0.035600625      -0.012131397      -0.025254421  N
  2     7      -0.025408557      -0.053963713       0.051444284  N
  2     7       0.014044218      -0.079868869      -0.100585587  N
  2     7       0.006903380       0.052075421      -0.010103943  N
  2     7       0.020034703      -0.029240541       0.090597141  N
  2     7      -0.023842570       0.021339115      -0.017704007  N
  2     7      -0.020034537       0.042519381       0.053102072  N
  2     7       0.039862978      -0.078796456       0.080074031  N
  2     7       0.002867891       0.038175519       0.019838670  N
  2     7       0.038845847       0.001929790       0.001634623  N
  2     7      -0.098425852      -0.060031597       0.018605567  N
  2     7      -0.009049994       0.100649328       0.037372928  N
  3     6       0.033226953       0.011834367       0.019634227  C
  3     6       0.004060815       0.006883576      -0.060589904  C
  3     6       0.013212749      -0.045776137      -0.012711173  C
  3     6       0.043938778       0.037616184      -0.051050267  C
  3     6      -0.025543920      -0.032961380      -0.040972561  C
  3     6      -0.068606567       0.045441235       0.006256490  C
  3     6      -0.027661682       0.074768237       0.017218569  C
  3     6      -0.051646743       0.043253675       0.060634914  C
  3     6       0.007551774       0.030518374      -0.052627096  C
  3     6       0.018146203       0.045412260      -0.005604412  C
  3     6       0.005574168      -0.007206413       0.043001216  C
  3     6      -0.028448825      -0.067341525      -0.038845429  C
  3     6      -0.048828734       0.016206223       0.026620473  C
  3     6       0.008215934      -0.026207282       0.027124002  C
  3     6      -0.023209526      -0.073707559       0.019518357  C
  3     6      -0.025676787       0.077063962      -0.024353021  C
  3     6       0.003119860       0.013606866       0.003935700  C
  3     6      -0.001006036      -0.000890753       0.031221690  C
  3     6      -0.019131062      -0.014521781      -0.053726731  C
  3     6      -0.047808348      -0.080866997       0.059294211  C
  3     6       0.021485308       0.041799491      -0.037727568  C
  3     6       0.002066184      -0.019723551      -0.011927307  C
  3     6       0.006491344       0.078101859      -0.056851130  C
  3     6       0.006472565       0.062067765       0.017265896  C
  3     6       0.002374116      -0.033698180      -0.009417240  C
  3     6       0.044343955      -0.024958344       0.029418649  C
  3     6       0.050980529       0.022950332      -0.008740609  C
  3     6       0.009845870      -0.054980516      -0.025606571  C
  3     6      -0.044063984       0.001007089      -0.037030773  C
