               -106.8548785984
          0.000333132      -0.000002861       0.000040981
         -0.000002861       0.001995591      -0.000034199
          0.000040981      -0.000034199       0.001030803
           8
  1     7      -0.007159555      -0.106874100      -0.045530386  N
  1     7       0.003792395       0.043194507       0.019736835  N
  1     7      -0.012131417      -0.111590630       0.007478607  N
  1     7       0.001710006       0.043273398      -0.043330162  N
  2     5      -0.010083738      -0.033172947      -0.028955196  B
  2     5       0.006704634       0.094421125       0.049147710  B
  2     5       0.010457204      -0.029294586       0.058398743  B
  2     5       0.006751254       0.100061936      -0.016906008  B
