               -827.3932118839
          0.003090669       0.000050650       0.000094342
          0.000050650       0.002321486       0.000306008
          0.000094342       0.000306007       0.003022420
          64
  1     5      -0.017465057       0.046012899      -0.045052723  B
  1     5       0.031060189       0.013905017      -0.030704863  B
  1     5       0.021409024      -0.013445800      -0.077686374  B
  1     5       0.020482780       0.019082227       0.011565169  B
  1     5      -0.071187413      -0.002474954      -0.015165163  B
  1     5      -0.004707156       0.035571007      -0.022555381  B
  1     5       0.021278868       0.021545389       0.015902006  B
  1     5      -0.000811971       0.008765305      -0.028777415  B
  1     5       0.002097619       0.027124862      -0.090373696  B
  1     5       0.036397779       0.008723911      -0.013420321  B
  1     5      -0.081751651      -0.039827153       0.019839989  B
  1     5       0.006373009       0.032572610       0.067303085  B
  1     5       0.059582859      -0.045799667       0.036764725  B
  1     5       0.023999607       0.030252773       0.007414969  B
  1     5      -0.031917080      -0.002804923       0.012232432  B
  1     5       0.050154293      -0.018119584       0.063359622  B
  1     5       0.011969589      -0.027447265       0.013405752  B
  1     5       0.010585628       0.006767433       0.006650770  B
  1     5      -0.056864541       0.014683492       0.061978552  B
  1     5       0.044851773       0.041418377      -0.012799639  B
  1     5      -0.035391967       0.038812941       0.027893857  B
  1     5       0.017488564      -0.022950937       0.059337561  B
  1     5      -0.036465325      -0.025036132       0.091454216  B
  1     5       0.003211957      -0.013052237      -0.053141320  B
  1     5       0.050526781      -0.006548057       0.044541880  B
  2     7      -0.051710848      -0.001379265      -0.091973276  N
  2     7      -0.033200088       0.000397988      -0.016689263  N
  2     7       0.000750924       0.022937091      -0.063606483  N
  2     7       0.005612223       0.000955900       0.142106484  N
  2     7      -0.108018529       0.151024248      -0.050613665  N
  2     7      -0.049353708      -0.011936754      -0.096135569  N
  2     7       0.055089495      -0.110464258      -0.081999305  N
  2     7       0.011267979      -0.047677719       0.007371231  N
  2     7       0.033542908       0.016271808       0.018788681  N
  2     7       0.000638711       0.055705965      -0.115716707  N
  2     7      -0.065347458       0.017006006       0.000329666  N
  2     7      -0.008007323      -0.072368369      -0.111658331  N
  2     7       0.022744394      -0.055555038       0.040064306  N
  2     7      -0.105745400       0.011905193      -0.059189508  N
  2     7      -0.002038121      -0.070649475       0.068690542  N
  2     7       0.020661097       0.016328974       0.111288512  N
  2     7       0.120035291      -0.037276180       0.072587462  N
  2     7       0.030621342       0.019543700      -0.108581951  N
  2     7       0.049497284       0.062714363      -0.005159949  N
  2     7       0.041002148       0.000879490       0.037963841  N
  2     7       0.017389492       0.023634319       0.025907647  N
  2     7       0.024505281      -0.044341160      -0.055238464  N
  2     7       0.024295703       0.075259749       0.149022334  N
  2     7       0.023877395      -0.006085195      -0.080832138  N
  2     7      -0.053291492       0.076477522       0.085163123  N
  2     7      -0.066128976      -0.057237973       0.000357190  N
  3     6      -0.008046289       0.019797264       0.056245522  C
  3     6      -0.002908763      -0.058328747       0.001023228  C
  3     6       0.056883259       0.029142768      -0.050984865  C
  3     6       0.046244812      -0.070601093      -0.002756916  C
  3     6      -0.017884363      -0.028537877      -0.082520948  C
  3     6       0.008940708       0.022114200      -0.019157056  C
  3     6      -0.009652911       0.047427414       0.027550243  C
  3     6      -0.046585565       0.032406132       0.001010880  C
  3     6      -0.026475830       0.015191934       0.007350383  C
  3     6      -0.029845935      -0.064579452       0.032160385  C
  3     6      -0.018925290      -0.067709871       0.047081763  C
  3     6       0.051402254      -0.024148934       0.004031942  C
  3     6      -0.016638851      -0.016007230       0.006585043  C
