              -1080.1789505434
          0.001937221       0.000219458      -0.000252381
          0.000219457       0.001741666      -0.000106591
         -0.000252382      -0.000106591       0.001629211
          64
  1     7       0.035450221      -0.025893100      -0.011206292  N
  1     7       0.114375635       0.015941145       0.110168084  N
  1     7      -0.037902170       0.036129967      -0.096148389  N
  1     7      -0.059614620       0.044766297      -0.048987589  N
  1     7      -0.015842078      -0.052823023       0.063188101  N
  1     7       0.058253112      -0.038730868      -0.146759328  N
  1     7       0.105585752       0.160726245       0.046976293  N
  1     7       0.005220271      -0.069818700      -0.046672699  N
  1     7       0.001607913       0.018287425      -0.031991999  N
  1     7      -0.001632332      -0.110740157       0.047733747  N
  1     7      -0.077991368       0.060548111       0.039582313  N
  1     7       0.037315586       0.003174850      -0.005682790  N
  1     7       0.038769455      -0.089020871       0.010166332  N
  1     7      -0.061063628      -0.067622389      -0.011823718  N
  1     7      -0.127914882       0.023524502       0.151743721  N
  1     7       0.076274496       0.004732259       0.030662485  N
  1     7      -0.074143350      -0.094998006       0.024302207  N
  1     7       0.070116248      -0.068867358       0.007890629  N
  1     7       0.001144155       0.062440304       0.133921274  N
  1     7       0.016839751       0.056997498       0.016782485  N
  1     7      -0.007168014       0.044426266      -0.002999871  N
  1     7       0.013848018       0.019305411       0.054754221  N
  1     7      -0.022135930       0.047792479       0.065844977  N
  1     7      -0.068351744       0.046627303      -0.051486064  N
  1     7       0.038294675      -0.042177077       0.060228812  N
  1     7       0.106263487       0.026010551      -0.116629546  N
  1     7      -0.063111401      -0.058211296      -0.049670738  N
  1     7       0.048294805      -0.067827632       0.077595297  N
  1     7       0.013925613       0.061504315      -0.001272297  N
  1     7       0.045704322       0.032385925       0.035279959  N
  1     7       0.002582496      -0.006988980      -0.050099651  N
  1     7       0.093133234      -0.048408763      -0.034642490  N
  1     7       0.064364158       0.097000192      -0.047222379  N
  1     7      -0.064442135      -0.001112483      -0.131259364  N
  1     7      -0.045547707       0.053503960      -0.046344974  N
  1     7      -0.024278763      -0.041232776       0.067403366  N
  1     7      -0.019115047      -0.035367144       0.029878964  N
  1     7      -0.002549016      -0.097118779      -0.032290710  N
  2     6      -0.018710902       0.076533687       0.011119119  C
  2     6       0.041619798      -0.014576926       0.018861764  C
  2     6      -0.073834237       0.061903167       0.005030860  C
  2     6      -0.012032472       0.032247891      -0.054018658  C
  2     6      -0.094843307       0.007689844      -0.028090565  C
  2     6      -0.033381431       0.015768088      -0.014009130  C
  2     6       0.013163103       0.078074472      -0.030186822  C
  2     6      -0.033922687      -0.026340940      -0.001455400  C
  2     6       0.115398148      -0.056239545       0.042367657  C
  2     6      -0.085133192       0.029696900      -0.074370398  C
  2     6      -0.054076706      -0.030510422       0.016446096  C
  2     6       0.014913785      -0.139988013      -0.025370669  C
  2     6       0.094046543      -0.005216611       0.121837728  C
  2     6       0.000252501      -0.051268738      -0.134957891  C
  2     6       0.010998013      -0.000587925      -0.058906747  C
  2     6      -0.040969602       0.003071000      -0.033073485  C
  2     6      -0.066600971       0.044658563      -0.038779252  C
  2     6       0.042159091      -0.009821154      -0.008874516  C
  2     6       0.029500918       0.017605883       0.036956791  C
  2     6       0.055032463       0.036207787      -0.028228899  C
  2     6      -0.097196248       0.009888942       0.014697833  C
  2     6       0.013325025       0.022494929       0.024574200  C
  2     6      -0.018823923       0.030126321       0.016936682  C
  2     6      -0.010648103       0.003581618       0.013860380  C
  2     6       0.044530302      -0.032989091      -0.026954602  C
  2     6      -0.049276096      -0.000808572       0.123684147  C
