16
#   CELL_PARAMETERS    9.50461219   -4.75230609    0.00000000    0.00000000    8.23123560    0.00000000    0.00000000    0.00000000   58.50592080
   B      -0.38200062790654E-01     0.20620137677099E-01     0.79910928637415E+01
   B       0.34724474896349E-01     0.27169394733306E+01     0.14657083549752E+02
   B      -0.24134370951466E+01     0.41376349189502E+01     0.80620014190816E+01
   B      -0.23446192185477E+01     0.68415434697650E+01     0.14709714048647E+02
   B       0.47217098728227E+01     0.18298799287885E-01     0.79654360892940E+01
   B       0.47875483396888E+01     0.27221712700299E+01     0.14636511912151E+02
   B       0.23425240253896E+01     0.41403518515909E+01     0.79891285315927E+01
   B       0.24067839871866E+01     0.68398494564414E+01     0.14700971096983E+02
   N      -0.31745992760213E-01     0.27690938154318E+01     0.79911021894022E+01
   N       0.34979623504766E-01    -0.18738422011193E-01     0.14946327919937E+02
   N      -0.24139815240974E+01     0.68851058286869E+01     0.79260736453521E+01
   N      -0.23451468058500E+01     0.40962965714989E+01     0.14738251745386E+02
   N       0.47258168736121E+01     0.27663868800034E+01     0.78983077758538E+01
   N       0.47867255125840E+01    -0.18049295578142E-01     0.14866895930436E+02
   N       0.23392331901578E+01     0.68840953941329E+01     0.76638082964319E+01
   N       0.24105273032117E+01     0.40960340004578E+01     0.14680866034298E+02