16
#   CELL_PARAMETERS    9.50461219   -4.75230609    0.00000000    0.00000000    8.23123560    0.00000000    0.00000000    0.00000000   58.50592080
   B       0.12461428807235E-01     0.73177879856037E+00     0.97815785569170E+01
   B      -0.17759401989862E-01     0.29582932489902E+01     0.15438445372798E+02
   B      -0.23567397456683E+01     0.48443963387539E+01     0.97850959048597E+01
   B      -0.23901131426098E+01     0.70759081326476E+01     0.15392419552337E+02
   B       0.47639862447416E+01     0.73078244894756E+00     0.97339540024536E+01
   B       0.47301919942785E+01     0.29598416276415E+01     0.15494323969028E+02
   B       0.23927762318439E+01     0.48449842188702E+01     0.96999673331361E+01
   B       0.23602160209259E+01     0.70717368544350E+01     0.15505046256583E+02
   N       0.17235716767869E-01     0.34764728777487E+01     0.98128529891798E+01
   N      -0.17723937438281E-01     0.57068954253759E+01     0.15352743283893E+02
   N      -0.23619884165822E+01     0.75893819596126E+01     0.99547469735351E+01
   N      -0.23894853632656E+01     0.98221273057865E+01     0.15315972074196E+02
   N       0.47724744861630E+01     0.34765343511841E+01     0.96154303295396E+01
   N       0.47339039879170E+01     0.57075570056426E+01     0.15527875527158E+02
   N       0.23930727056713E+01     0.75943955508275E+01     0.96017339134236E+01
   N       0.23604990101113E+01     0.98156076527195E+01     0.15666960253249E+02